0.pcd -2.07e-05 2.41527e-05 0.000724846 0.999993 0.00313178 -0.00224741 5.53526e-06
1.pcd 0.259513 -0.00650232 -0.00149071 0.998559 0.00413315 -0.0020647 -0.0534591
2.pcd 0.315248 -0.0147643 -0.00149188 0.994409 0.00413262 -0.00311692 -0.105467
3.pcd 0.535979 -0.0574029 -0.000936295 0.998368 0.00553165 -0.00600544 -0.0565227
4.pcd 0.681066 -0.0652844 0.00133143 0.999887 0.00609523 -0.00810374 -0.011141
5.pcd 0.781868 -0.0564687 0.00256562 0.998896 0.00642241 -0.00908634 0.0456304
6.pcd 0.831794 -0.0456897 0.0029106 0.995677 0.00610944 -0.00980969 0.0921564
7.pcd 0.885032 -0.0300122 0.00368384 0.989848 0.00590815 -0.0107568 0.141599
8.pcd 0.959074 0.000381536 0.00481733 0.980243 0.00472206 -0.0120208 0.197377
9.pcd 1.02529 0.0351088 0.00626482 0.970269 0.00454505 -0.013827 0.241589
10.pcd 1.42039 0.280307 0.00933835 0.981872 0.00692036 -0.00703549 0.189287
11.pcd 1.42042 0.278613 0.00938234 0.9902 0.00665972 -0.00683626 0.139329
12.pcd 1.4259 0.277553 0.00894761 0.996051 0.00526879 -0.00683016 0.0883628
13.pcd 1.43105 0.275326 0.00854818 0.99932 0.00407932 -0.00637534 0.0360904
14.pcd 1.43354 0.273 0.00794334 0.999929 0.0026923 -0.00564933 -0.0101635
15.pcd 1.43655 0.269993 0.00731168 0.998287 0.00179383 -0.00493858 -0.0582744
16.pcd 1.43852 0.267363 0.00762658 0.993812 0.0014585 -0.00467843 -0.110969
17.pcd 1.43732 0.265671 0.00771283 0.987375 0.00120498 -0.00449514 -0.158333
18.pcd 1.4435 0.262301 0.00764555 0.975765 0.0013422 -0.00364012 -0.218789
19.pcd 1.45016 0.255436 0.00768513 0.95996 0.00102786 -0.00228557 -0.280127
20.pcd 1.45437 0.249571 0.00747023 0.945354 0.000667008 -0.0015168 -0.326042
21.pcd 1.48176 0.210239 0.00575464 0.899947 -0.00060967 0.0009328 -0.435997
22.pcd 1.5128 0.16511 0.00581688 0.877552 -0.000369566 0.00153743 -0.479479
23.pcd 1.55887 0.079661 0.00516447 0.852092 0.000302978 0.0021149 -0.523387
24.pcd 1.61498 -0.0484312 0.0060917 0.827843 -0.00106285 -0.00281958 -0.560952
25.pcd 1.66838 -0.211354 0.0053848 0.79817 -0.00114478 -0.00344096 -0.602422
26.pcd 1.7057 -0.385745 0.00407709 0.765043 -0.000651294 -0.00252759 -0.643974
27.pcd 1.77032 -0.88169 -0.000776361 0.747292 0.00168472 -0.00252052 -0.664489
28.pcd 1.81442 -1.15288 -0.00161377 0.777205 -0.000510538 -0.00325286 -0.629239
29.pcd 1.93609 -1.64454 -0.00250796 0.788279 -0.00175422 -0.00406153 -0.615302
30.pcd 2.01444 -1.99121 -0.00339797 0.760672 -0.000465825 -0.00495558 -0.649117
31.pcd 2.02271 -2.0788 -0.00383433 0.728971 -0.000651915 -0.00517003 -0.684525
32.pcd 2.02301 -2.12982 -0.00334248 0.698007 -0.000433126 -0.00501169 -0.716073
33.pcd 2.01573 -2.21103 -0.00284454 0.662086 -0.000685278 -0.00552918 -0.749407
34.pcd 1.99684 -2.3059 -0.00277533 0.624233 -0.00154174 -0.00462853 -0.781223
35.pcd 1.976 -2.37691 -0.00269421 0.585158 -0.00191613 -0.0030557 -0.810912
36.pcd 1.95046 -2.43527 -0.00291 0.545541 -0.00185846 -0.00231139 -0.838079
37.pcd 1.92668 -2.48161 -0.0024962 0.507178 -0.00191255 -0.0017767 -0.861837
38.pcd 1.89575 -2.52822 -0.00254221 -0.460777 0.00147636 0.000860117 0.887514
39.pcd 1.85885 -2.57441 -0.0030464 -0.411612 0.00126148 0.000186584 0.911358
40.pcd 1.82943 -2.6026 -0.00319618 -0.370254 0.00101446 -0.000464665 0.92893
41.pcd 1.79876 -2.62693 -0.00235593 -0.324836 0.00121491 0.000103641 0.94577
42.pcd 1.76683 -2.64849 -0.00145082 -0.277158 0.0013648 0.000116107 0.960823
43.pcd 1.73181 -2.66584 -0.00224007 -0.231761 0.00199517 0.000170885 0.972771
44.pcd 1.69511 -2.67812 -0.00305362 -0.183019 0.00234223 3.86543e-05 0.983107
45.pcd 1.65669 -2.69119 -0.00272174 -0.135332 0.00289664 -0.000276651 0.990796
46.pcd 1.75152 -2.65875 -0.00188272 -0.0755981 0.00105369 5.81942e-05 0.997138
47.pcd 1.77149 -2.65517 -0.00138578 -0.0275023 0.000711656 -1.61356e-05 0.999621
48.pcd 1.7165 -2.65414 -0.00292312 0.0180626 0.000975214 -0.000404877 0.999836
49.pcd 1.68212 -2.65195 -0.00407941 0.0651477 0.0010749 -0.00102728 0.997875
50.pcd 1.65043 -2.6434 -0.00380369 0.112902 0.00177019 -0.000949762 0.993604
51.pcd 1.23573 -2.5571 -0.00318575 0.0656376 0.00594209 -0.000411005 0.997826
52.pcd 1.2091 -2.56044 -0.00374901 0.00848036 0.00600298 -0.000639433 0.999946
53.pcd 1.18929 -2.56409 -0.00266224 -0.0421842 0.00565221 -0.000586455 0.999094
54.pcd 1.13634 -2.57071 -0.00219297 -0.087819 0.00463838 0.000398534 0.996126
55.pcd 0.670356 -2.65692 -0.00412028 -0.0425577 0.00404066 0.000563006 0.999086
56.pcd 0.502761 -2.66255 -0.00411577 0.00719794 0.00299952 0.00048246 0.999969
57.pcd 0.396928 -2.65712 -0.00446554 0.0517994 0.00284317 -0.000277678 0.998653
58.pcd 0.277361 -2.63913 -0.00434439 0.10189 0.00310313 -0.000666264 0.994791
59.pcd 0.159896 -2.60685 -0.00521578 0.151274 0.00294498 -0.00119861 0.988487
60.pcd 0.0475508 -2.56595 -0.00494814 0.200152 0.0023765 -0.0013323 0.979761
61.pcd -0.106614 -2.50614 -0.00788824 0.144815 0.00123563 -0.000321859 0.989458
62.pcd -0.162406 -2.48629 -0.00746165 0.188552 -0.000641969 -0.00122282 0.982062
63.pcd -0.188318 -2.47856 -0.00786426 0.238353 -5.83908e-05 -0.00144778 0.971178
64.pcd -0.194584 -2.4712 -0.00755495 0.284405 -0.000673501 -0.0022129 0.958701
65.pcd -0.208601 -2.45587 -0.0073071 0.327823 -0.0010164 -0.0024216 0.944735
66.pcd -0.230153 -2.43307 -0.00761848 0.371449 -0.00131995 -0.00254972 0.928449
67.pcd -0.258443 -2.40025 -0.00816079 0.421732 -0.00192831 -0.0026101 0.906715
68.pcd -0.275702 -2.37352 -0.00882175 0.46213 -0.00299955 -0.00267998 0.886803
69.pcd -0.293062 -2.34258 -0.00888402 0.501417 -0.00315155 -0.00290162 0.865195
70.pcd -0.316713 -2.29236 -0.00958881 0.545851 -0.00311967 -0.00329346 0.83787
71.pcd -0.341969 -2.22064 -0.0100179 0.587589 -0.00161502 -0.00358896 0.80915
72.pcd -0.355305 -2.16503 -0.0102827 0.622806 -0.000770678 -0.00445383 0.782363
73.pcd -0.365334 -2.10219 -0.0106348 0.657632 -0.000588656 -0.00500442 0.753322
74.pcd -0.381605 -1.91635 -0.0104637 0.69591 -0.000722897 -0.0059384 0.718104
75.pcd -0.38105 -1.82536 -0.0113731 0.729203 0.00154411 -0.00577902 0.684272
76.pcd -0.363511 -1.68233 -0.010173 0.762989 0.0022625 -0.00725396 0.646367
77.pcd -0.343966 -1.50438 -0.0101949 0.73224 0.00287392 -0.00772404 0.680997
78.pcd -0.326874 -1.38519 -0.00942891 0.761283 0.00229253 -0.00750095 0.648372
79.pcd -0.306109 -1.1723 -0.00952083 0.728804 0.00291668 -0.00538821 0.684695
80.pcd -0.305611 -0.84838 -0.00843758 0.696503 0.00399766 -0.00524351 0.717523
81.pcd -0.319804 -0.72297 -0.00583581 0.660148 0.00477986 -0.00492884 0.751104
82.pcd -0.376815 -0.224973 -0.000872896 0.670721 0.0058912 -0.00464967 0.741672
83.pcd -0.409992 0.290326 0.000593867 0.675988 0.00466898 -0.00519303 0.73688
84.pcd -0.420608 0.469399 0.00176077 0.711071 0.00437083 -0.00558632 0.703085
85.pcd -0.411355 0.559336 0.0021827 0.770614 0.0042861 -0.00600238 0.637259
86.pcd -0.390395 0.645324 0.00476615 0.813062 0.00442747 -0.00556472 0.582133
87.pcd -0.345701 0.729972 0.00595616 0.865871 0.0054653 -0.0059235 0.500203
88.pcd -0.295792 0.7967 0.00876575 0.904597 0.00808802 -0.00599863 0.42615
89.pcd -0.194453 0.880108 0.011429 0.957699 0.00982945 -0.00718607 0.287513
90.pcd -0.0595407 0.938792 0.00995303 0.985576 0.00826993 -0.00834798 0.168823
91.pcd 0.0206861 0.949744 0.0100883 0.996562 0.00633206 -0.00588452 0.0824009
92.pcd 0.156196 0.965764 0.00750571 0.999623 0.00360012 -0.00441951 0.0268646
93.pcd 0.665247 0.993403 0.00835761 0.999371 -0.00177483 -0.0044546 0.035147
94.pcd 1.18246 1.04296 0.0148348 0.997045 0.00155863 -0.0110237 0.0760052
95.pcd 1.34575 1.08911 0.015069 0.982876 0.00269764 -0.00804924 0.184074
96.pcd 1.35869 1.11927 0.0147147 0.915807 0.00349356 -0.00643898 0.401552
97.pcd 1.37091 1.2187 0.0142424 0.667855 0.00278608 -0.00529352 0.744267
98.pcd 1.30028 1.66799 0.0173008 0.708542 0.00404033 -0.00574839 0.705634
99.pcd 1.37175 1.98153 0.020114 0.849867 0.0045673 -0.00557641 0.526949
100.pcd 1.3967 2.02009 0.0202555 0.881112 0.00467468 -0.00518995 0.472857
101.pcd 1.41632 2.04558 0.0199286 0.90105 0.00442251 -0.00452715 0.433669
102.pcd 1.44877 2.08134 0.020724 0.927208 0.00471495 -0.00464664 0.374488
103.pcd 1.47549 2.10344 0.0206735 0.942896 0.00473518 -0.00502462 0.333017
104.pcd 1.52095 2.13427 0.0212384 0.959927 0.00530049 -0.0049795 0.280155
105.pcd 1.56898 2.15747 0.0213111 0.97393 0.00519686 -0.00456414 0.226741
106.pcd 1.59648 2.16543 0.0203171 0.984861 0.0048452 -0.00432307 0.173225
107.pcd 1.62238 2.17117 0.0201426 0.991771 0.00448362 -0.00425007 0.127872
108.pcd 1.62842 2.16787 0.0205501 0.996509 0.00396025 -0.00452947 0.0832681
109.pcd 1.74271 2.17989 0.0197235 0.999328 0.00322822 -0.00377982 0.0363074
110.pcd 1.76243 2.17868 0.0187315 0.999892 0.00267943 -0.00289665 -0.0141534
111.pcd 2.26497 2.1638 0.0181447 0.999702 -0.00048836 -0.00343518 -0.0241434
112.pcd 2.77305 2.13364 0.0166867 0.99957 -0.00148285 -0.00383045 -0.0290342
113.pcd 2.89334 2.13759 0.0163478 0.999783 -0.000264999 -0.00328672 0.0205802
114.pcd 2.9038 2.14483 0.0176085 0.996749 0.000834998 -0.00300923 0.0805107
115.pcd 2.90054 2.14652 0.0176834 0.992087 0.0016037 -0.00245776 0.125518
116.pcd 2.90098 2.15119 0.0157306 0.983632 0.00109593 -0.00153697 0.18018
117.pcd 2.92256 2.16852 0.0145837 0.971841 0.0017551 -0.000784557 0.23563
118.pcd 3.0116 2.20535 0.0119566 0.98183 -0.000750185 0.00113421 0.18976
119.pcd 3.06431 2.22781 0.0127651 0.98923 0.000266722 0.00122526 0.146365
120.pcd 3.12046 2.24306 0.0149266 0.995237 0.00144298 0.0013231 0.0974681
121.pcd 3.17552 2.24839 0.0156178 0.999288 0.00114541 0.000686702 0.0377007
122.pcd 3.22496 2.24756 0.0149957 0.999826 0.00078107 -9.71841e-06 -0.0186326
123.pcd 3.28166 2.24128 0.0142728 0.99786 5.84112e-05 -0.000463205 -0.0653801
124.pcd 3.55437 2.20572 0.0138321 0.999883 0.000817811 -0.00204914 -0.0151094
125.pcd 3.83474 2.20691 0.0128026 0.999435 0.00121326 -0.00218609 0.0335032
126.pcd 4.34987 2.24217 0.00776883 0.999534 0.000148744 0.000997817 0.0305052
127.pcd 3.83496 2.21088 0.0132235 0.999743 0.000802128 -0.0025607 0.0225049
128.pcd 3.3315 2.18086 0.0145907 0.999662 0.00137506 -0.000799374 0.0259356
129.pcd 2.91732 2.15254 0.0167837 0.996677 0.000764567 -0.0016412 0.0814373
130.pcd 2.70006 2.10704 0.017194 0.992096 0.00130811 -0.00461162 0.125389
131.pcd 2.48299 2.04158 0.0177038 0.98465 0.000761532 -0.00636518 0.174423
132.pcd 2.33231 1.98212 0.0168483 0.974724 0.00142324 -0.00630445 0.22332
133.pcd 2.18774 1.906 0.0169748 0.963008 0.00272677 -0.00653215 0.269381
134.pcd 2.05657 1.81964 0.0173805 0.949661 0.0025444 -0.00666689 0.313198
135.pcd 1.92803 1.72184 0.0170052 0.934705 0.0037351 -0.00755948 0.355325
136.pcd 1.79366 1.59303 0.0159386 0.916228 0.0041827 -0.00702279 0.400574
137.pcd 1.68265 1.46401 0.0146066 0.895588 0.00383703 -0.00593573 0.444828
138.pcd 1.56968 1.30089 0.0139044 0.872157 0.00287677 -0.00386961 0.489203
139.pcd 1.47274 1.12633 0.0138733 0.848908 0.00418428 -0.00612797 0.528488
140.pcd 1.41334 0.999298 0.013665 0.824857 0.00479282 -0.005856 0.565291
141.pcd 1.37546 0.892481 0.0127713 0.790778 0.00816775 -0.00852734 0.611989
142.pcd 1.35541 0.820993 0.0120365 0.75606 0.00751077 -0.00946101 0.654391
143.pcd 1.34225 0.727793 0.0104468 0.691828 0.00812013 -0.00908676 0.721959
144.pcd 1.34195 0.688858 0.0102112 0.652441 0.00833166 -0.00909066 0.757739
145.pcd 1.34459 0.660839 0.0102664 0.613562 0.00812502 -0.00900662 0.789553
146.pcd 1.34415 0.652022 0.0100659 0.569989 0.00679839 -0.00880522 0.821577
147.pcd 1.33796 0.653293 0.00946177 0.512115 0.00649592 -0.00832729 0.858852
148.pcd 1.30552 0.682511 0.00937325 0.373809 0.00572002 -0.00710646 0.927461
149.pcd 0.920703 1.03613 0.00909696 0.364728 0.000803128 -0.00662646 0.93109
150.pcd 0.896285 1.04793 0.00938677 0.321856 0.00130792 -0.00619395 0.946768
151.pcd 0.879731 1.04813 0.00896341 0.255554 0.0020489 -0.00517145 0.966779
152.pcd 0.859083 1.05438 0.00814368 0.206411 -0.000338868 -0.00417746 0.978456
153.pcd 0.561952 1.1694 0.00612651 0.160706 -0.000697605 -0.00494595 0.98699
154.pcd 0.354169 1.2424 0.0067343 0.206084 0.00250364 -0.00605985 0.978512
155.pcd 0.283578 1.27548 0.00623528 0.256729 0.00463338 -0.00687072 0.966448
156.pcd 0.195093 1.32642 0.00782196 0.310401 0.00637633 -0.0066214 0.950561
157.pcd 0.157862 1.36094 0.00888378 0.369583 0.00788784 -0.00649903 0.929141
158.pcd 0.137826 1.38426 0.00860779 0.411128 0.00825706 -0.00658346 0.911517
159.pcd 0.105373 1.4267 0.0084641 0.469271 0.00852821 -0.00648709 0.882989
160.pcd 0.0749965 1.47623 0.00916647 0.521416 0.00812923 -0.00702037 0.853235
161.pcd -0.141257 1.95362 0.0119405 0.545497 0.00711964 -0.00516191 0.838067
162.pcd -0.342863 2.41117 0.0152221 0.547091 0.00486964 -0.00607043 0.837037
163.pcd -0.399191 2.54774 0.0163497 0.591819 0.0049657 -0.00646462 0.80603
164.pcd -0.45141 2.75284 0.0164745 0.628233 0.00286864 -0.00518046 0.778003
165.pcd -0.445991 2.74146 0.0154478 0.667609 0.00259341 -0.00508615 0.74449
166.pcd -0.453287 2.82981 0.0172836 0.701213 0.00323696 -0.00544534 0.712924
167.pcd -0.474147 3.19087 0.0184559 0.666892 0.00347062 -0.00581558 0.745123
168.pcd -0.476513 3.24058 0.017524 0.700612 0.00336577 -0.00570197 0.713512
169.pcd -0.494272 3.7462 0.0175691 0.698054 0.000509041 -0.00274338 0.716039
170.pcd -0.515863 4.24463 0.0174215 0.683579 0.00377345 -0.00480977 0.729851
171.pcd -0.551793 4.75017 0.018717 0.685604 0.00366449 -0.000995086 0.727964
172.pcd -0.589541 5.26031 0.0198014 0.682435 0.00388386 -0.00137787 0.730935
173.pcd -0.625225 5.76339 0.0186246 0.683264 0.00273992 -0.000538872 0.730166
174.pcd -0.662828 6.26147 0.0157383 0.682162 0.0019924 0.00172527 0.731196
175.pcd -0.703462 6.75941 0.0141592 0.655263 0.00423725 5.58259e-06 0.755389
176.pcd -0.73075 7.04697 0.0120803 0.69022 0.002447 0.000156135 0.723595
177.pcd -0.730647 7.12306 0.0109367 0.7242 0.00268422 -0.000272384 0.689585
178.pcd -0.692153 7.62735 0.00851236 0.720053 0.0024759 0.000655374 0.693914
179.pcd -0.69387 8.18063 0.00756164 0.740314 0.00366215 0.000584955 0.672251
180.pcd -0.65476 8.68574 0.0106329 0.73243 0.00653196 -0.00434021 0.680797
181.pcd -0.614208 9.18986 0.0140977 0.744401 0.00619797 -0.00711545 0.667666
182.pcd -0.611636 9.2929 0.0145989 0.711668 0.00747809 -0.0063445 0.702447
183.pcd -0.617512 9.32645 0.0158327 0.674454 0.00782462 -0.00572698 0.738253
184.pcd -0.625012 9.33651 0.015931 0.62564 0.00783045 -0.0050675 0.780056
185.pcd -0.626042 9.32411 0.0151122 0.587329 0.00790973 -0.00473034 0.809296
186.pcd -0.625424 9.30791 0.014145 0.546442 0.00691083 -0.00456945 0.837456
187.pcd -0.830887 9.77036 0.0164057 0.563135 0.006148 -0.00331666 0.826335
188.pcd -0.892151 9.93544 0.0183086 0.601745 0.00818855 -0.0018769 0.798644
189.pcd -0.932029 10.1181 0.0181296 0.638232 0.00636126 0.000119789 0.769818
190.pcd -0.941259 10.2026 0.01875 0.675372 0.0064982 0.000468657 0.737448
191.pcd -0.978496 10.7022 0.0183305 0.683077 0.00335655 -0.00025964 0.730339
192.pcd -1.01548 11.214 0.0196885 0.68694 0.00503118 -0.00363846 0.726688
193.pcd -1.04232 11.7343 0.0171849 0.69114 0.0024424 -0.00027539 0.722717
194.pcd -1.06432 12.2415 0.0136802 0.695811 0.000499077 -0.000738294 0.718225
195.pcd -1.08246 12.748 0.0140365 0.696368 -3.34285e-05 -0.00411197 0.717673
196.pcd -1.10532 13.2523 0.00994381 0.695913 -0.00113365 -0.000863572 0.718125
197.pcd -1.10752 13.5604 0.00750971 0.729681 -0.00345889 -0.00164196 0.683777
198.pcd -1.08821 13.7506 0.00590102 0.762438 -0.00270621 -0.00314449 0.647048
199.pcd -1.0545 14.1842 0.00583255 0.729507 -0.00304814 -0.00452268 0.683951
200.pcd -1.06424 13.6815 0.00915798 0.718635 -0.000780197 -0.0031529 0.69538
201.pcd -1.07868 13.1652 0.0127709 0.715217 -0.00024148 -0.00135293 0.698901
202.pcd -1.0961 12.7905 0.0158141 0.681178 0.00108114 -0.00483781 0.732101
203.pcd -1.12605 13.135 0.0131928 0.714939 -0.000198156 -0.00162455 0.699185
204.pcd -1.11672 13.656 0.00840319 0.718499 -0.00189171 -0.00238844 0.695521
205.pcd -1.1081 14.1664 0.00432476 0.723247 -0.00252159 -0.00392178 0.690574
206.pcd -1.10887 14.6852 0.00359534 0.705762 0.00146892 -0.00617868 0.70842
207.pcd -1.11224 15.2066 0.000729575 0.710274 -0.000803576 -0.00494408 0.703908
208.pcd -1.12245 15.4877 -0.000687929 0.675913 -0.00166347 -0.00395876 0.736969
209.pcd -1.14875 15.8929 -0.000494848 0.710016 0.000247845 -0.00854519 0.704134
210.pcd -1.14349 15.9752 -0.00089124 0.744457 -0.000739257 -0.00864374 0.667614
211.pcd -1.12975 16.0627 0.000507291 0.775868 -0.0020265 -0.00982055 0.630815
212.pcd -1.10504 16.1589 -0.000689268 0.806263 -0.00258744 -0.00780736 0.591501
213.pcd -1.09114 16.1966 0.000202235 0.832997 -0.002152 -0.00633703 0.553237
214.pcd -1.07667 16.2197 0.000803806 0.858668 -0.000728448 -0.00761639 0.512475
215.pcd -1.05641 16.2521 0.000196358 0.885371 -0.00085138 -0.00767405 0.464822
216.pcd -1.03843 16.2755 0.00166581 0.905733 -0.000895508 -0.00776995 0.423776
217.pcd -1.02058 16.2909 0.00131528 0.923876 -0.00142807 -0.00714941 0.382622
218.pcd -0.999317 16.3045 0.001832 0.943498 -0.0014726 -0.00682856 0.331304
219.pcd -0.975968 16.3182 0.00282906 0.959643 -0.00121136 -0.00837284 0.281093
220.pcd -0.940533 16.3397 0.00264944 0.972591 -0.00141782 -0.00911102 0.232338
221.pcd -0.907039 16.3543 0.00266487 0.983969 -0.0018709 -0.00976759 0.178061
222.pcd -0.875404 16.3598 0.00188432 0.99158 -0.00138962 -0.0105278 0.129057
223.pcd -0.844113 16.3636 0.00117727 0.996609 -0.00156201 -0.00959463 0.0817044
224.pcd -0.806976 16.3672 0.00330093 0.999606 -0.00131658 -0.0081091 0.0268268
225.pcd -0.750726 16.3667 0.00363012 0.999379 -0.00205873 -0.00704469 -0.0344499
226.pcd -0.239813 16.322 0.00581132 0.999139 -0.00209809 -0.00981523 -0.040258
227.pcd 0.270984 16.2845 0.0103176 0.998987 0.00195805 -0.00919806 -0.0440058
228.pcd 0.719558 16.2357 0.0115666 0.995808 0.000960076 -0.00525117 -0.0913085
229.pcd 0.778598 16.2158 0.0123186 0.98955 0.00140726 -0.00438837 -0.14412
230.pcd 0.809461 16.2023 0.0116325 0.98159 0.00142053 -0.00277427 -0.190973
231.pcd 0.847288 16.1856 0.0111072 0.971086 0.00131745 -0.00249929 -0.238712
232.pcd 0.905159 16.1556 0.0124536 0.955614 0.00141783 -0.0037693 -0.294593
233.pcd 0.948512 16.123 0.0145962 0.937522 0.00145417 -0.00414729 -0.347899
234.pcd 0.976536 16.0925 0.0149213 0.917945 0.00107349 -0.00432251 -0.396682
235.pcd 0.997253 16.0604 0.0136702 0.896682 0.000534428 -0.00440209 -0.442653
236.pcd 1.01819 16.019 0.0135432 0.871016 0.000116807 -0.00432663 -0.491235
237.pcd 1.04066 15.9729 0.013914 0.846706 -0.000140277 -0.00433018 -0.532044
238.pcd 1.05665 15.9293 0.0137535 0.822293 0.000172557 -0.0036725 -0.569053
239.pcd 1.06279 15.8955 0.0142917 0.79666 0.000490642 -0.00349099 -0.604418
240.pcd 1.0691 15.8514 0.0128549 0.76305 -0.000576652 -0.0031004 -0.646332
241.pcd 1.07351 15.8235 0.014228 0.732857 0.000113111 -0.00237338 -0.680379
242.pcd 1.07361 15.777 0.0147613 0.701765 0.000256722 -0.00264808 -0.712404
243.pcd 1.08134 15.2666 0.00901301 0.707301 0.00227829 -0.0022989 -0.706905
244.pcd 1.08389 14.7643 0.00632046 0.706001 0.000170916 -0.00370216 -0.708202
245.pcd 1.09826 14.2626 0.00576605 0.714546 -1.87683e-06 -0.00715925 -0.699552
246.pcd 1.11406 13.7507 0.00797383 0.717878 0.00114346 -0.0097643 -0.696099
247.pcd 1.11448 13.4138 0.0111707 0.679521 -0.00426421 -0.00825372 -0.733597
248.pcd 1.10954 13.3687 0.0118094 0.646434 -0.00492436 -0.00788755 -0.762913
249.pcd 1.09226 13.2919 0.0119621 0.608209 -0.00662332 -0.00709959 -0.793717
250.pcd 1.06112 13.1907 0.0123856 0.571627 -0.00699527 -0.00653745 -0.820458
251.pcd 0.894007 12.771 0.00892319 0.616859 -0.00422635 -0.00610007 -0.787039
252.pcd 0.925063 12.766 0.0124936 0.86199 -0.0014254 -0.00936941 -0.506837
253.pcd 0.946527 12.7487 0.0131242 0.940541 -0.00181939 -0.00649726 -0.339614
254.pcd 0.953633 12.7443 0.0118449 0.958645 -0.000555398 -0.00602284 -0.284541
255.pcd 0.956991 12.7456 0.0117597 0.973569 -0.000717039 -0.00473047 -0.228341
256.pcd 0.960909 12.7502 0.013271 0.985984 -0.00133813 -0.0051505 -0.166757
257.pcd 0.963711 12.7545 0.0142994 0.993755 -0.00202042 -0.00510822 -0.111446
258.pcd 0.970252 12.7586 0.0146776 0.998674 -0.00191437 -0.0059687 -0.0510903
259.pcd 0.977468 12.7622 0.0149647 0.999931 -0.00120194 -0.00652454 0.00973276
260.pcd 0.980559 12.7633 0.0164041 0.998137 -0.00160954 -0.00728951 0.0605477
261.pcd 0.980279 12.7548 0.0152568 0.999867 -0.00191843 -0.00612461 0.0149772
262.pcd 0.992972 12.7525 0.014134 0.999529 -0.0032567 -0.00485847 -0.0301295
263.pcd 0.988278 12.7509 0.0139804 0.997053 -0.00341445 -0.00511547 -0.0764664
264.pcd 0.984775 12.7523 0.0134758 0.991907 -0.00337973 -0.00496308 -0.126827
265.pcd 0.991502 12.7526 0.0125255 0.98346 -0.00234728 -0.00434768 -0.181058
266.pcd 0.98813 12.753 0.012039 0.971829 -0.00108552 -0.00457284 -0.235641
267.pcd 0.996281 12.7483 0.012789 0.957241 -0.000454573 -0.00494105 -0.28925
268.pcd 0.99283 12.7488 0.0135062 0.941835 -0.00130385 -0.00674057 -0.336006
269.pcd 0.998784 12.7435 0.0131814 0.922087 -0.00232504 -0.00713273 -0.386909
270.pcd 0.998259 12.7382 0.0127439 0.899793 -0.00299297 -0.00685529 -0.436252
271.pcd 0.994637 12.7381 0.0117316 0.879809 -0.00197402 -0.00630805 -0.475281
272.pcd 0.996489 12.7348 0.0113483 0.854779 0.000120945 -0.00556323 -0.518962
273.pcd 0.994955 12.7327 0.0111989 0.82402 0.00112588 -0.00351097 -0.566548
274.pcd 0.991531 12.7367 0.0108582 0.793604 0.00119186 -0.00302601 -0.608427
275.pcd 0.991147 12.7388 0.0105848 0.763914 0.000209053 -0.00286294 -0.645311
276.pcd 0.992316 12.737 0.00932835 0.720542 -0.000319466 -0.00302333 -0.693405
277.pcd 0.988678 12.7381 0.00918645 0.68907 -0.000245216 -0.00282781 -0.724689
278.pcd 0.985239 12.7396 0.00859568 0.654514 -0.000347212 -0.00291073 -0.756044
279.pcd 0.981769 12.7411 0.00839997 0.620047 -0.00103049 -0.00336675 -0.784557
280.pcd 0.978815 12.7424 0.00813917 0.583757 -0.00156379 -0.00308841 -0.811921
281.pcd 0.973245 12.7369 0.00856167 0.532048 -0.00153261 -0.00192794 -0.846711
282.pcd 0.965084 12.7286 0.00837409 -0.491651 0.00116284 0.0011524 0.870791
283.pcd 0.946082 12.7077 0.0097568 -0.436679 0.00205004 0.00278342 0.899611
284.pcd 0.921106 12.6864 0.0105888 -0.389413 0.00195388 0.00395007 0.921053
285.pcd 0.89094 12.6664 0.011502 -0.334953 0.0017038 0.0047242 0.942221
286.pcd 0.838157 12.6351 0.011559 -0.280649 0.00105825 0.00384345 0.959802
287.pcd 0.745071 12.5874 0.0100287 -0.236058 0.00324444 0.00441711 0.971723
288.pcd 0.505413 12.4612 0.0122789 -0.282115 0.00506054 0.00271731 0.959363
289.pcd 0.442275 12.4145 0.0129225 -0.325873 0.00632791 0.00265736 0.945389
290.pcd 0.404447 12.3814 0.0139377 -0.369006 0.010771 0.00284445 0.92936
291.pcd 0.367835 12.341 0.0146518 -0.420606 0.0132675 0.001709 0.907145
292.pcd 0.0929503 11.9687 0.0204474 -0.459832 0.0100339 0.00215634 0.887947
293.pcd 0.0139555 11.8499 0.0235559 0.501141 -0.00888961 -0.00607073 -0.865298
294.pcd -0.0622214 11.5702 0.0234733 0.673374 -0.00548835 -0.00434987 -0.739269
295.pcd -0.0661928 11.4408 0.0257373 0.705287 -0.00569133 -0.00513238 -0.70888
296.pcd -0.0548365 11.2641 0.0262855 0.740053 -0.00606022 -0.00546593 -0.672499
297.pcd 0.00950375 10.7523 0.0284509 0.754454 -0.00464301 -0.00342536 -0.656328
298.pcd 0.0783707 10.3123 0.0305989 0.723257 -0.00546163 -0.00515991 -0.690538
299.pcd 0.11874 9.79627 0.029647 0.723725 -0.00550113 -0.000828045 -0.690066
300.pcd 0.137183 9.2857 0.032065 0.716024 -0.00587961 -0.00314367 -0.698043
301.pcd 0.167806 8.77602 0.0283916 0.728865 0.000711445 -0.00157186 -0.684655
302.pcd 0.20708 8.26955 0.0274606 0.726816 -6.41634e-05 -0.0040497 -0.68682
303.pcd 0.238323 7.75617 0.0305328 0.724976 -0.00135439 -0.00796089 -0.688727
304.pcd 0.262302 7.24012 0.0319701 0.721551 -0.00344803 -0.0048542 -0.692335
305.pcd 0.288934 6.72134 0.0334583 0.722221 -0.0056513 -0.00497151 -0.691622
306.pcd 0.31669 6.21671 0.0365697 0.721268 -0.00775673 -0.00402454 -0.692601
307.pcd 0.33693 5.69642 0.0388214 0.719986 -0.00541931 -0.00268528 -0.693962
308.pcd 0.360454 5.17607 0.0395342 0.72062 -0.00521815 -0.00204655 -0.693307
309.pcd 0.385489 4.66131 0.0418216 0.722143 -0.00745538 -0.00463015 -0.691688
310.pcd 0.410981 4.15787 0.0470389 0.723696 -0.0105531 -0.00611469 -0.690012
311.pcd 0.409413 3.94787 0.0471965 0.69228 -0.0084522 -0.00179089 -0.721577
312.pcd 0.388073 3.5417 0.0483451 0.659706 -0.00696094 -0.00137158 -0.75149
313.pcd 0.307976 3.0297 0.0531326 0.638745 -0.00838853 -0.00455907 -0.769359
314.pcd 0.211239 2.51609 0.0522259 0.631828 -0.00358189 -0.000966084 -0.7751
315.pcd 0.111341 2.01963 0.0497526 0.627772 -0.0030953 -3.84329e-05 -0.778391
316.pcd 0.0737486 1.79617 0.0480825 0.672285 -0.00473435 -0.00057445 -0.740277
317.pcd 0.0349518 1.28666 0.0443345 0.682869 -0.00410944 0.00191415 -0.730527
318.pcd 0.0387487 1.10902 0.043997 0.717951 -0.00415798 0.00129441 -0.69608
319.pcd 0.0842461 0.866003 0.0395551 0.805665 0.00351137 -0.00090173 -0.59236
320.pcd 0.110986 0.800811 0.0400455 0.833556 0.00356714 -0.00145268 -0.552422
321.pcd 0.144434 0.737569 0.0390968 0.865651 0.00378728 -0.00159085 -0.500631
322.pcd 0.168955 0.702692 0.0387805 0.888957 0.00398772 -0.0019437 -0.457969
323.pcd 0.194515 0.673672 0.0390966 0.90954 0.00385849 -0.00216992 -0.415594
324.pcd 0.221404 0.648161 0.0397421 0.928024 0.00358767 -0.0028517 -0.372492
325.pcd 0.250867 0.624224 0.0396949 0.944859 0.00407047 -0.00408561 -0.327425
326.pcd 0.267073 0.612137 0.0399627 0.960546 0.00410893 -0.00570454 -0.278034
327.pcd 0.244708 0.621475 0.0396917 0.974587 0.0041715 -0.00752741 -0.223842
328.pcd 0.190686 0.649822 0.0385624 0.992204 0.00398851 -0.00832143 -0.124284
329.pcd 0.203924 0.654886 0.0377487 0.998749 0.00457765 -0.00906677 -0.0489704
330.pcd 0.196784 0.660083 0.0378769 0.99982 0.00509101 -0.00931805 0.0157174
331.pcd 0.171024 0.66279 0.0388196 0.99715 0.00496375 -0.00805544 0.0748516
332.pcd 0.167662 0.666402 0.0387226 0.991672 0.00509315 -0.00777264 0.128456
333.pcd 0.166066 0.668737 0.0386272 0.982301 0.0050278 -0.00814782 0.187062
334.pcd 0.161211 0.6664 0.0382654 0.972046 0.0049102 -0.00849973 0.234586
335.pcd 0.154507 0.661798 0.0379227 0.95624 0.00455199 -0.008301 0.292432
336.pcd 0.148738 0.654636 0.0380364 0.939178 0.00418538 -0.00822598 0.343308
337.pcd -0.066607 0.43226 0.0348586 0.955463 0.0039664 -0.00529069 0.295035
338.pcd -0.0938016 0.418152 0.0344936 0.969211 0.00397099 -0.00619753 0.246121
