0.pcd -0.00092573 -0.000507568 7.84108e-05 0.999931 -0.002286 -0.0114875 -5.83575e-05
1.pcd 0.520474 0.00388484 0.00335316 0.999948 -0.0032044 -0.00836918 0.00486157
2.pcd 0.915488 0.0230677 0.00577896 0.998492 -0.00159658 -0.00640439 0.0545062
3.pcd 1.12212 0.0588092 0.00569834 0.994746 -0.000772223 -0.00756321 0.102096
4.pcd 1.29561 0.104937 0.00442937 0.989292 -0.000602778 -0.00745628 0.145758
5.pcd 1.47731 0.174864 0.00374642 0.980625 -0.000550993 -0.00654138 0.195784
6.pcd 1.66106 0.260701 0.00462684 0.97114 -0.000140176 -0.00580016 0.238441
7.pcd 1.88995 0.399915 0.00515482 0.958225 0.00199203 -0.00690402 0.285926
8.pcd 2.10068 0.559028 0.00508106 0.94274 0.00375076 -0.0090952 0.333383
9.pcd 2.29986 0.74265 0.00702811 0.92588 0.00699835 -0.00815762 0.377664
10.pcd 2.51011 0.976018 0.00725963 0.906641 0.00831036 -0.00529023 0.421787
11.pcd 2.85124 1.39497 0.00447308 0.904073 0.00650315 -0.00331462 0.427315
12.pcd 3.18465 1.79032 0.00420343 0.911791 0.00622564 -0.00469148 0.410581
13.pcd 3.37004 1.98324 0.00304023 0.929041 0.00446566 -0.00377496 0.369931
14.pcd 3.53609 2.13078 0.000213782 0.946034 0.00258471 -0.00147698 0.324053
15.pcd 3.734 2.25884 -0.0022306 0.961628 0.00141589 0.000192343 0.274354
16.pcd 3.88411 2.3411 -0.0028585 0.97428 0.00085557 -0.00168865 0.225331
17.pcd 4.04996 2.41323 -0.00361116 0.983889 8.792e-05 -0.00412724 0.178734
18.pcd 4.22432 2.47008 -0.00405195 0.991148 -0.000699894 -0.00565864 0.132641
19.pcd 4.72453 2.59728 -0.0066356 0.992341 -0.000317357 -0.00534109 0.123411
20.pcd 5.2193 2.72594 -0.00707226 0.992206 -0.00148946 -0.00992283 0.124207
21.pcd 5.3043 2.7413 -0.00614789 0.997102 -0.00163451 -0.00949575 0.0754576
22.pcd 5.33048 2.74469 -0.00656972 0.999658 -0.00197874 -0.00975824 0.0241988
23.pcd 5.32583 2.74065 -0.00657803 0.999696 -0.00251787 -0.00946809 -0.0226148
24.pcd 5.31892 2.73706 -0.00663727 0.997672 -0.00273873 -0.00956658 -0.0674714
25.pcd 5.32397 2.73455 -0.00592859 0.992168 -0.0027171 -0.00895963 -0.124558
26.pcd 5.33207 2.73107 -0.00635857 0.983328 -0.00286006 -0.00855344 -0.181616
27.pcd 5.335 2.72945 -0.0070621 0.970249 -0.00291848 -0.00843311 -0.241943
28.pcd 5.33574 2.72497 -0.00624811 0.954105 -0.00342461 -0.0083607 -0.299336
29.pcd 5.33533 2.71604 -0.00613686 0.934659 -0.00366708 -0.00874594 -0.355418
30.pcd 5.33451 2.7091 -0.00602088 0.911972 -0.004018 -0.00903419 -0.410133
31.pcd 5.33639 2.70612 -0.0061326 0.886505 -0.0043563 -0.00895286 -0.462612
32.pcd 5.33818 2.69998 -0.00567907 0.82613 -0.00435151 -0.00869575 -0.563395
33.pcd 5.35965 2.59299 -0.00549732 0.763915 -0.0052607 -0.00790925 -0.645247
34.pcd 5.4464 2.06089 -0.00442623 0.763211 -0.00634447 -0.00749415 -0.646075
35.pcd 5.54079 1.54612 -0.00172433 0.76562 -0.00374336 -0.0100453 -0.643204
36.pcd 5.6415 1.01624 -0.00669457 0.784586 -0.00283295 -0.00410025 -0.62
37.pcd 5.75305 0.634659 -0.00843041 0.813564 -0.00395175 -0.00432276 -0.581446
38.pcd 5.91457 0.251257 -0.00926938 0.841857 -0.00449194 -0.00588778 -0.53965
39.pcd 6.14982 -0.233243 -0.0105861 0.845648 -0.00425521 -0.000923182 -0.533723
40.pcd 6.39727 -0.71821 -0.0148581 0.848938 -0.00801786 -0.00722925 -0.528382
41.pcd 6.59803 -1.18031 -0.0117673 0.845892 -0.00588674 -0.00245919 -0.533317
42.pcd 6.38499 -0.701174 -0.0117548 0.847767 -0.00762204 -0.00746141 -0.530262
43.pcd 6.15496 -0.223897 -0.00949934 0.847701 -0.00537413 -0.0030274 -0.530439
44.pcd 5.90663 0.25443 -0.00743686 0.847765 -0.00448057 -0.00649548 -0.530313
45.pcd 5.68886 0.716785 -0.00437332 0.849572 -0.00422084 -0.00537878 -0.527428
46.pcd 5.43238 1.20483 -0.00086473 0.849976 -0.00565518 -0.0120755 -0.526652
47.pcd 5.18201 1.71086 -0.00305401 0.851432 -0.00173079 -0.00909951 -0.524383
48.pcd 4.94101 2.19571 -0.00215602 0.852688 -0.00517743 -0.00765702 -0.522339
49.pcd 4.67909 2.69655 -0.00334523 0.852443 -0.00765501 -0.0070395 -0.522717
50.pcd 4.45282 3.1442 -0.00389323 0.853316 -0.00750132 -0.00282031 -0.521332
51.pcd 4.39842 3.24001 -0.00342372 0.828776 -0.00742819 -0.00054078 -0.55953
52.pcd 4.39341 3.25112 -0.00275425 0.79977 -0.00778514 -0.000825102 -0.600256
53.pcd 4.40208 3.23629 -0.00176401 0.766178 -0.00835373 -0.00123824 -0.642573
54.pcd 4.40121 3.22589 -0.0032796 0.720828 -0.00953473 -0.00224521 -0.693045
55.pcd 4.39952 3.22305 -0.00282365 0.684796 -0.0105599 -0.00254055 -0.728654
56.pcd 4.39764 3.21877 -0.00264263 0.651707 -0.0111352 -0.00268438 -0.758384
57.pcd 4.397 3.21249 -0.00255656 0.600019 -0.0115908 -0.0026503 -0.799897
58.pcd 4.39703 3.21182 -0.00227822 0.560819 -0.0116921 -0.00275439 -0.827851
59.pcd 4.39672 3.21221 -0.0020041 0.521654 -0.012045 -0.00256755 -0.853068
60.pcd 4.38624 3.19872 -0.00224519 -0.481263 0.0123355 0.00234536 0.876486
61.pcd 4.10841 2.7575 -0.000265162 -0.484426 0.0112846 0.00196622 0.874757
62.pcd 3.81046 2.32772 0.000117633 -0.440784 0.0117402 0.00238245 0.897533
63.pcd 3.62505 2.10776 0.00325687 -0.401239 0.011693 -0.00159583 0.915897
64.pcd 3.3508 1.83717 0.00848699 -0.355468 0.0143914 -0.00179458 0.934576
65.pcd 3.02513 1.57403 0.0103844 -0.308363 0.0109468 -0.00318585 0.951201
66.pcd 2.59811 1.29182 0.0139732 -0.271206 0.0128363 -0.00145207 0.962435
67.pcd 2.15027 1.01007 0.0158373 -0.284318 0.0105444 -0.00027738 0.958672
68.pcd 1.80892 0.801753 0.0143665 -0.238481 0.00365919 0.000825875 0.97114
69.pcd 1.48534 0.653924 0.0139091 -0.167569 0.00532173 0.00167389 0.985845
70.pcd 1.12814 0.555076 0.0147287 -0.100234 0.00867672 0.00401354 0.994918
71.pcd 0.716009 0.502334 0.0180486 -0.0308182 0.0085246 0.00360022 0.999482
72.pcd 0.419674 0.50313 0.0197554 0.0220624 0.00957743 0.0025126 0.999708
73.pcd -0.0166725 0.553477 0.0215022 0.0934336 0.0123215 -0.00198887 0.995547
74.pcd -0.326638 0.629162 0.021364 0.144539 0.00912674 -0.00443607 0.989447
75.pcd -0.631949 0.738011 0.0234375 0.192684 0.00927327 -0.000131772 0.981217
76.pcd -1.12123 0.962904 0.0176846 0.217114 0.00477246 -0.00243478 0.976132
77.pcd -1.62003 1.20175 0.020584 0.221186 0.0110713 -0.00607097 0.97515
78.pcd -2.10768 1.42895 0.0230623 0.218526 0.00855678 -0.00197741 0.975792
79.pcd -2.57298 1.64728 0.026115 0.223007 0.0110217 -0.00755089 0.974725
80.pcd -3.06104 1.87757 0.0298774 0.230449 0.013797 -0.00549414 0.972971
81.pcd -3.23312 1.97851 0.0287544 0.277787 0.010821 -0.00426734 0.960572
82.pcd -3.3836 2.08597 0.0294582 0.337036 0.00904222 -0.00273134 0.941444
83.pcd -3.53279 2.22153 0.029588 0.387993 0.00775942 -0.00272756 0.921626
84.pcd -3.66563 2.37251 0.0300408 0.435742 0.00642123 -0.00243824 0.900045
85.pcd -3.77822 2.53596 0.0317521 0.475799 0.00734931 -0.000851154 0.879523
86.pcd -3.91122 2.77151 0.0337276 0.52391 0.0101027 -0.0032678 0.851708
87.pcd -4.15075 3.2461 0.036251 0.51953 0.0093143 -0.00505009 0.854386
88.pcd -4.39438 3.73887 0.0387415 0.521826 0.00626516 -0.00420359 0.853018
89.pcd -4.63496 4.20811 0.0355081 0.522481 0.00475885 -0.003952 0.852628
90.pcd -4.88184 4.71109 0.0324625 0.517205 0.00132516 -8.61385e-05 0.855861
91.pcd -4.64583 4.22108 0.0393441 0.522824 0.00532269 -0.00330396 0.852417
92.pcd -4.40814 3.7608 0.0386186 0.510493 0.00641083 -0.00407813 0.859848
93.pcd -4.24606 3.4759 0.0366518 0.468946 0.00921367 -0.00490006 0.883165
94.pcd -3.96557 3.09129 0.0352905 0.427994 0.0125842 -0.00340011 0.903688
95.pcd -3.61108 2.68591 0.0319538 0.404673 0.00951226 -2.77018e-05 0.914412
96.pcd -3.24502 2.28367 0.0301708 0.404037 0.00925873 -0.000537924 0.914696
97.pcd -2.88092 1.90355 0.028707 0.406839 0.0162981 -0.00895285 0.913311
98.pcd -2.5363 1.49556 0.0213795 0.401415 0.00710149 -0.00377836 0.915861
99.pcd -2.15354 1.0975 0.0210447 0.400012 0.00891361 -0.00518804 0.916452
100.pcd -1.79952 0.727088 0.017526 0.423982 0.00371228 -0.000214447 0.905663
101.pcd -1.51967 0.350502 0.0226721 0.466517 0.00130519 0.00167831 0.88451
102.pcd -1.39631 0.147789 0.0254937 0.505466 0.0047234 -0.00247383 0.86283
103.pcd -1.30496 -0.0501194 0.0287773 0.551199 0.00583151 -0.00244794 0.83435
104.pcd -1.2216 -0.273587 0.0303387 0.59777 0.00279701 -0.00232022 0.801659
105.pcd -1.17296 -0.43919 0.0297483 0.63472 0.00311684 -0.00380628 0.772727
106.pcd -1.13827 -0.584255 0.0289053 0.670038 0.00481136 -0.00678957 0.74228
107.pcd -1.11986 -0.682791 0.0295922 0.707683 0.00570576 -0.0091101 0.706448
108.pcd -1.10893 -0.67776 0.0296981 0.743712 0.00453103 -0.00984753 0.668412
109.pcd -1.0852 -0.635967 0.0287604 0.773621 0.00328657 -0.00856424 0.633582
110.pcd -0.995268 -0.459016 0.028304 0.853283 0.00215969 -0.00711956 0.521394
111.pcd -0.886688 -0.21213 0.0276766 0.894962 0.00137945 -0.00479346 0.446114
112.pcd -0.75266 -0.0552322 0.024879 0.928552 0.000407875 -0.00397985 0.371182
113.pcd -0.527557 0.0977069 0.0220082 0.958114 -0.000257469 -0.00291737 0.286372
114.pcd -0.408927 0.165466 0.0193174 0.97069 -0.00135711 -0.0034332 0.240308
115.pcd -0.252274 0.245426 0.0182876 0.981738 -0.00185914 -0.00471185 0.19017
116.pcd -0.0527545 0.316113 0.0204686 0.990536 -0.00208019 -0.00665911 0.137077
117.pcd 0.472255 0.442049 0.0173081 0.992796 -0.00568648 -0.00557818 0.119551
118.pcd 0.964068 0.560867 0.0141921 0.992804 -0.00635666 -0.00613257 0.119423
119.pcd 1.45186 0.685911 0.0129196 0.992847 -0.00395927 -0.00487033 0.119231
120.pcd 1.959 0.824107 0.0142521 0.990019 4.02271e-05 -0.00821246 0.140693
121.pcd 2.20202 0.902628 0.0163455 0.981729 0.00353821 -0.00799443 0.190085
122.pcd 2.45855 1.02132 0.0148896 0.971211 0.00501311 -0.00438137 0.238127
123.pcd 2.7156 1.17806 0.0125384 0.959321 0.00504788 -0.000570294 0.282273
124.pcd 3.08399 1.44249 0.00781789 0.944396 0.00505382 -0.000433272 0.328772
125.pcd 3.24138 1.58526 0.00691414 0.924494 0.00649442 -0.00190436 0.381137
126.pcd 3.35137 1.70635 0.00668183 0.906206 0.00748411 -0.00342372 0.422757
127.pcd 3.49367 1.90168 0.00653972 0.883617 0.00883249 -0.00186672 0.468123
128.pcd 3.76841 2.35872 0.00232211 0.869659 0.00275749 -0.00210767 0.493641
129.pcd 4.01858 2.7949 -0.00112894 0.870312 0.0028309 -0.00267232 0.492486
130.pcd 4.1249 2.94473 -0.00154806 0.897767 0.00307177 -0.00184172 0.440456
131.pcd 4.12794 2.96148 -0.00177772 0.946905 0.0020001 -0.00297046 0.321493
132.pcd 4.18293 2.95535 -0.00264759 0.982315 -2.4749e-05 -0.00409363 0.187189
133.pcd 4.17988 2.96368 -0.00462749 0.99671 -0.00161733 -0.00364579 0.0809581
134.pcd 4.27059 2.9526 -0.0050847 0.999475 -0.00307657 -0.00379822 0.0320403
135.pcd 4.70001 2.99949 -0.00825919 0.999859 -0.00352936 -0.0031812 -0.0160786
136.pcd 5.20429 2.95959 -0.00887761 0.999752 -0.00286137 -0.00595258 -0.0212547
137.pcd 5.4109 2.95901 -0.00887784 0.999574 -0.00317203 -0.00756294 0.0280234
138.pcd 5.72752 2.98712 -0.0106621 0.997346 -0.00454912 -0.00760932 0.0722646
139.pcd 5.95154 3.04009 -0.0124369 0.992609 -0.00469186 -0.00637098 0.121102
140.pcd 6.14522 3.10487 -0.0142621 0.985575 -0.00381903 -0.00392439 0.169152
141.pcd 6.36212 3.20082 -0.0156924 0.976279 -0.00200685 -0.00454842 0.216458
142.pcd 6.81761 3.42706 -0.0168054 0.977882 -0.00252671 -0.00780601 0.208996
143.pcd 7.31268 3.64855 -0.0189978 0.980265 -0.00128275 -0.00912087 0.197474
144.pcd 7.78972 3.84357 -0.0191311 0.980397 1.65947e-05 -0.0116948 0.196683
145.pcd 8.25798 4.04628 -0.0205575 0.980721 -0.000898936 -0.00776163 0.195255
146.pcd 8.73205 4.23713 -0.0222419 0.980688 0.000556754 -0.00718706 0.195446
147.pcd 9.20542 4.43884 -0.0222476 0.981155 -0.000724832 -0.00960068 0.192984
148.pcd 9.7018 4.63895 -0.0273311 0.981487 -0.0037591 -0.00228984 0.191479
149.pcd 10.1946 4.85576 -0.0316659 0.972412 -0.00129743 -0.00580913 0.233194
150.pcd 10.657 5.11287 -0.0358695 0.96955 -0.000430136 -0.00472835 0.244848
151.pcd 11.1358 5.37191 -0.0399769 0.969458 0.000459979 -0.00378507 0.245229
152.pcd 11.6098 5.62914 -0.0411784 0.970027 0.000795699 -0.00622024 0.242918
153.pcd 12.0892 5.86443 -0.0461378 0.975862 0.00054731 -0.00612831 0.2183
154.pcd 12.5893 6.09502 -0.0463179 0.976734 -0.00148669 -0.00898986 0.214259
155.pcd 13.0844 6.32306 -0.0468283 0.976916 -0.0028423 -0.00775672 0.213465
156.pcd 13.5382 6.53478 -0.0504325 0.977377 -0.00342115 -0.00123456 0.211475
157.pcd 14.0503 6.76821 -0.0583467 0.977795 -0.00355297 -0.000970245 0.209532
158.pcd 14.5069 6.97647 -0.0655996 0.977725 -0.000681693 -0.000885938 0.209885
159.pcd 14.9723 7.18626 -0.0738987 0.978016 -0.00122181 -0.000386997 0.208525
160.pcd 15.4558 7.40215 -0.0789928 0.978093 -0.000238074 -0.000696225 0.208165
161.pcd 15.9459 7.62364 -0.0801948 0.977356 0.00198987 -0.00829671 0.211429
162.pcd 16.448 7.8744 -0.0773867 0.973586 0.0045585 -0.00927729 0.228087
163.pcd 16.9356 8.11894 -0.0756353 0.973102 0.00550367 -0.00768276 0.230179
164.pcd 17.3835 8.3426 -0.0741052 0.973289 0.00518564 -0.00729607 0.229409
165.pcd 17.8678 8.57925 -0.0775751 0.977474 -0.00143104 -0.00417279 0.211009
166.pcd 18.3553 8.79147 -0.0790203 0.977805 -0.00279976 -0.00825157 0.209333
167.pcd 18.8197 8.99898 -0.0800109 0.978596 -0.00416828 -0.00808084 0.20559
168.pcd 19.2881 9.20961 -0.0754412 0.97875 -0.00204501 -0.0119653 0.204697
169.pcd 19.7555 9.41302 -0.0750726 0.979092 -0.00247629 -0.00970482 0.203171
170.pcd 19.2844 9.20719 -0.0741559 0.979171 -0.000556013 -0.0128908 0.202626
171.pcd 18.8163 9.00389 -0.0787473 0.979107 -0.00271908 -0.00865374 0.203145
172.pcd 18.3379 8.79547 -0.0774637 0.979088 -0.00148237 -0.00834771 0.203258
173.pcd 17.8589 8.59001 -0.076073 0.978985 -0.000306172 -0.00449955 0.203884
174.pcd 17.4011 8.37949 -0.071598 0.978703 0.00489009 -0.00623776 0.205128
175.pcd 16.9242 8.17565 -0.0730285 0.977959 0.00587912 -0.00830671 0.208547
176.pcd 16.4582 7.95903 -0.0744381 0.977442 0.00499154 -0.0101056 0.210904
177.pcd 15.9826 7.74005 -0.0771929 0.977178 0.0038397 -0.00919866 0.212189
178.pcd 15.4842 7.51153 -0.077294 0.976889 0.00203578 -0.00354552 0.213709
179.pcd 15.0309 7.296 -0.0729699 0.976587 0.000847198 0.000200558 0.215123
180.pcd 14.5639 7.08 -0.0635898 0.976355 0.000496554 -0.00178973 0.216164
181.pcd 14.0937 6.85581 -0.0575923 0.976008 -0.00154425 -0.00288197 0.21771
182.pcd 13.6127 6.63081 -0.050821 0.976257 -0.00190504 -0.00164512 0.2166
183.pcd 13.1442 6.4079 -0.0452739 0.976101 -0.00276265 -0.00654501 0.2172
184.pcd 12.6591 6.17876 -0.0440699 0.97604 -0.000444385 -0.0112257 0.217303
185.pcd 12.1792 5.95141 -0.0453616 0.975803 0.00191891 -0.0064209 0.218551
186.pcd 11.6904 5.7153 -0.0412964 0.975181 0.00279489 -0.00782752 0.221254
187.pcd 11.1784 5.46829 -0.04096 0.975162 0.00183518 -0.00554846 0.221417
188.pcd 10.6566 5.20647 -0.0324652 0.974923 0.000935714 -0.00586175 0.222465
189.pcd 10.1702 4.9728 -0.0304263 0.974766 0.00116611 -0.00651152 0.223129
190.pcd 9.65827 4.7351 -0.0266704 0.974687 -0.0012281 -0.00111957 0.223569
191.pcd 9.17959 4.49741 -0.0196711 0.974591 0.000691351 -0.00955489 0.223787
192.pcd 8.7302 4.27527 -0.0204195 0.974216 0.00225252 -0.00766156 0.225478
193.pcd 8.27996 4.05279 -0.0191831 0.973924 0.000534257 -0.00777661 0.226739
194.pcd 7.81991 3.82225 -0.0167235 0.97385 0.00112199 -0.0113572 0.226904
195.pcd 7.36938 3.59775 -0.0182066 0.973917 -0.000242301 -0.0091804 0.226719
196.pcd 6.91725 3.37262 -0.0168963 0.973679 -0.00135555 -0.00826711 0.227769
197.pcd 6.46968 3.14845 -0.0145431 0.973691 -0.000997699 -0.00587296 0.227795
198.pcd 6.0194 2.92212 -0.0106407 0.97346 -0.0016868 -0.00534549 0.22879
199.pcd 5.56057 2.68973 -0.00490689 0.973275 -0.000197809 -0.010513 0.229403
200.pcd 5.28574 2.5517 -0.00723941 0.959309 0.000258384 -0.0091897 0.28221
201.pcd 5.19311 2.48321 -0.00625651 0.937103 0.000608344 -0.00852201 0.348949
202.pcd 5.12121 2.41798 -0.00607732 0.911793 0.00142184 -0.00833539 0.410564
203.pcd 5.07412 2.3729 -0.00533583 0.890387 0.00259465 -0.00881863 0.455111
204.pcd 5.03359 2.32768 -0.00383239 0.865483 0.00356862 -0.0089266 0.500846
205.pcd 4.99612 2.28524 -0.00267662 0.835468 0.00490655 -0.00898818 0.549444
206.pcd 4.96876 2.24343 -0.00260028 0.804002 0.00596692 -0.00908945 0.594527
207.pcd 4.95064 2.20921 -0.00454064 0.768315 0.00692806 -0.00954788 0.639963
208.pcd 4.94195 2.2141 -0.00455484 0.72286 0.00721777 -0.00853248 0.690904
209.pcd 4.93545 2.22322 -0.0051183 0.661133 0.00699444 -0.00745883 0.750199
210.pcd 4.93055 2.20941 -0.0051756 0.600008 0.00746832 -0.00636369 0.799934
211.pcd 4.92975 2.18745 -0.00621429 0.549518 0.00727238 -0.00544678 0.835432
212.pcd 4.73965 2.69325 -0.0058134 0.542921 0.00712638 -0.00414623 0.839743
213.pcd 4.46469 3.17663 -0.00760305 0.543154 0.00771707 -0.00210407 0.839595
214.pcd 4.27388 3.69061 -0.00387324 0.542264 0.0115718 -0.00166687 0.840127
215.pcd 4.08281 4.17114 0.00131258 0.542416 0.0133152 -0.00526031 0.839988
216.pcd 3.81916 4.66261 0.00290705 0.542969 0.00931226 -0.00353864 0.839694
217.pcd 3.62997 5.14054 0.00841345 0.544739 0.0128517 -0.00537949 0.83849
218.pcd 3.42693 5.61955 0.00639635 0.544933 0.00501892 -0.00292417 0.838459
219.pcd 3.17157 6.11084 0.000539197 0.545066 0.00379695 0.0013411 0.838384
220.pcd 2.94919 6.61613 -0.00369511 0.546918 0.0056919 -0.000545535 0.837167
221.pcd 2.73924 7.12875 -0.00496689 0.547364 0.00813982 -0.00307073 0.836849
222.pcd 2.53385 7.59358 -0.00855227 0.547003 0.00755875 -0.00124057 0.837095
223.pcd 2.31906 8.07501 -0.00449625 0.546535 0.0108328 -0.00441891 0.837355
224.pcd 2.11107 8.53442 -0.00231445 0.547184 0.00830888 -0.0038767 0.836962
225.pcd 1.90211 9.01452 0.000428735 0.547408 0.0120956 -0.00526336 0.836762
226.pcd 1.67814 9.52602 0.00182337 0.547588 0.0104568 -0.00265431 0.836679
227.pcd 1.46517 10.0022 0.00136625 0.546151 0.0100959 0.000580188 0.837626
228.pcd 1.24201 10.5217 0.0025526 0.546107 0.00974363 0.00100236 0.837658
229.pcd 1.03395 10.9858 0.00296253 0.548021 0.0090507 -0.00214527 0.836413
230.pcd 0.809273 11.472 0.00127184 0.547946 0.0060433 -0.000365289 0.836492
231.pcd 1.04075 10.9975 0.00599399 0.54671 0.00828777 -0.000538417 0.837281
232.pcd 1.23699 10.5264 0.00172881 0.544317 0.0115029 0.0003229 0.838801
233.pcd 1.46207 10.0687 0.000342327 0.542698 0.0117309 0.000136869 0.839846
234.pcd 1.66463 9.58727 0.00333573 0.541266 0.011395 -0.00147973 0.840773
235.pcd 1.88249 9.11004 0.00186578 0.541202 0.0139925 -0.00457709 0.840764
236.pcd 2.11478 8.61457 -0.00290116 0.539981 0.0107131 -0.0040477 0.841599
237.pcd 2.34897 8.10241 -0.00269258 0.539494 0.0127081 -0.00365866 0.841886
238.pcd 2.57759 7.5952 -0.00285089 0.535622 0.00973581 -0.0069038 0.844374
239.pcd 2.85052 7.14501 -0.00466486 0.533183 0.0100675 -0.00232885 0.845937
240.pcd 3.06344 6.65021 -0.00297872 0.533287 0.00605735 0.00139907 0.845912
241.pcd 3.2443 6.17822 -0.000114001 0.531929 0.0045096 0.0025966 0.846773
242.pcd 3.44838 5.71846 0.00733555 0.530779 0.00670074 -0.00100652 0.847483
243.pcd 3.70033 5.26277 0.00921563 0.53025 0.0138007 -0.00251603 0.847726
244.pcd 3.9248 4.83679 0.00443698 0.570342 0.00988293 -0.00283024 0.821343
245.pcd 4.02749 4.51986 0.00344824 0.619714 0.0112543 -0.00446665 0.784734
246.pcd 4.0541 4.36605 0.00208282 0.666798 0.010815 -0.00451975 0.745146
247.pcd 4.05972 4.2428 0.000824657 0.705482 0.0106519 -0.00334847 0.70864
248.pcd 4.07059 4.25198 0.00095607 0.738258 0.00864821 -0.00216067 0.674459
249.pcd 4.08469 4.25545 -0.000170349 0.771972 0.00772934 -0.00172016 0.635607
250.pcd 4.09362 4.28046 -0.000758318 0.801945 0.00710306 -0.00117329 0.597354
251.pcd 4.10133 4.33061 0.000168799 0.83388 0.00619281 -0.000859365 0.551911
252.pcd 4.12769 4.40829 -0.000367826 0.861827 0.0060446 -0.000995386 0.507166
253.pcd 4.17022 4.48745 -0.000577417 0.886447 0.005529 -0.0018569 0.462793
254.pcd 4.23326 4.56426 -0.000230984 0.910159 0.00514387 -0.00249692 0.41422
255.pcd 4.30208 4.6257 -0.00138211 0.930686 0.00454314 -0.00285144 0.36578
256.pcd 4.39798 4.69331 -0.0024587 0.947149 0.00383306 -0.00314001 0.320755
257.pcd 4.82976 5.00387 -0.00563626 0.949953 0.00531422 -0.00579432 0.312293
258.pcd 5.0113 5.18134 -0.00826101 0.934004 0.00421613 -0.00403459 0.357215
259.pcd 5.13448 5.31659 -0.00897591 0.915602 0.00501365 -0.00469579 0.402026
260.pcd 5.20159 5.39629 -0.00860385 0.893069 0.00547583 -0.00648793 0.449839
261.pcd 5.26395 5.48375 -0.0081304 0.865492 0.00574246 -0.00774342 0.50083
262.pcd 5.31654 5.57811 -0.00955774 0.83475 0.00632858 -0.00676101 0.550551
263.pcd 5.35226 5.68726 -0.0104042 0.80107 0.00716289 -0.00385872 0.598515
264.pcd 5.36826 5.77688 -0.0104773 0.774123 0.0072809 -0.00220629 0.63299
265.pcd 5.37833 5.89169 -0.0102913 0.739318 0.00723643 -0.0027207 0.673312
266.pcd 5.37438 6.00324 -0.00881343 0.70851 0.00822815 -0.00487635 0.705636
267.pcd 5.36631 6.17542 -0.00827088 0.674584 0.00802017 -0.00937694 0.738095
268.pcd 5.35337 6.47713 -0.00841164 0.630184 0.00716269 -0.00775366 0.776374
269.pcd 5.27328 6.87368 -0.0119864 0.59502 0.00491251 -0.00784472 0.803657
270.pcd 5.08842 7.3176 -0.0148731 0.552695 0.00305673 -0.00652797 0.833352
271.pcd 4.82919 7.79023 -0.0131111 0.54859 0.00613227 -0.00751575 0.836035
272.pcd 4.63904 8.26784 -0.0115381 0.549677 0.00771302 -0.00666467 0.835315
273.pcd 4.43834 8.78335 -0.0131907 0.552581 0.00398352 -0.00998608 0.83339
274.pcd 4.22983 9.28075 -0.0145475 0.553093 0.00376277 -0.00820251 0.833071
275.pcd 4.01158 9.74916 -0.0145103 0.553827 0.00599332 -0.00710246 0.83258
276.pcd 3.80043 10.2182 -0.0112255 0.555655 0.00880812 -0.00801812 0.831327
277.pcd 3.58093 10.7228 -0.0104605 0.535028 0.00691313 -0.00376143 0.844798
278.pcd 3.37168 11.1891 -0.0106819 0.539763 0.00817964 -0.00494261 0.841763
279.pcd 3.15468 11.6565 -0.011082 0.537744 0.00706653 -0.0040128 0.843069
280.pcd 2.93622 12.1127 -0.0119214 0.540181 0.00702544 -0.0053243 0.841503
281.pcd 2.716 12.5815 -0.0100785 0.541214 0.00723383 -0.00632487 0.84083
282.pcd 2.50252 13.0936 -0.0146923 0.542892 0.0084159 -0.00799212 0.839723
283.pcd 2.63202 12.7792 -0.00854592 0.590238 0.00670401 -0.00682379 0.807173
284.pcd 2.7834 12.2843 -0.0137278 0.561362 0.00972465 -0.00715443 0.827482
285.pcd 3.00409 11.7845 -0.0108372 0.551544 0.00795077 -0.00406627 0.834098
286.pcd 3.20007 11.3206 -0.00700989 0.550619 0.00705447 -0.00348977 0.83472
287.pcd 3.40801 10.8447 -0.012074 0.549954 0.00874109 -0.00427146 0.835138
288.pcd 3.61614 10.3681 -0.0130387 0.548598 0.00838716 -0.00561697 0.836025
289.pcd 3.84033 9.86391 -0.0137764 0.548727 0.00893847 -0.00754964 0.83592
290.pcd 4.06817 9.34738 -0.0123637 0.548319 0.00547916 -0.00682703 0.836223
291.pcd 4.2953 8.83005 -0.0120228 0.549122 0.0043185 -0.0093303 0.835679
292.pcd 4.51278 8.33021 -0.0113589 0.550496 0.00901322 -0.00646556 0.834764
293.pcd 4.71914 7.83956 -0.0146705 0.549058 0.00776728 -0.00809494 0.835709
294.pcd 4.92724 7.3511 -0.015581 0.550415 0.004112 -0.00611507 0.834859
295.pcd 5.14152 6.8633 -0.00905606 0.54976 0.00596473 -0.00539916 0.835284
296.pcd 5.35035 6.39169 -0.00635647 0.548817 0.00973028 -0.00681117 0.835858
297.pcd 5.40173 6.29093 -0.00623058 0.590307 0.00990732 -0.00839727 0.807075
298.pcd 5.41533 6.2561 -0.00634387 0.63081 0.00917071 -0.00894503 0.775832
299.pcd 5.42019 6.21485 -0.0064225 0.670608 0.00876409 -0.00938517 0.7417
300.pcd 5.42084 6.16447 -0.00702515 0.703621 0.00880595 -0.00890744 0.710465
301.pcd 5.41586 6.10576 -0.00861634 0.741307 0.00854746 -0.00606105 0.671084
302.pcd 5.39895 6.01212 -0.00820106 0.77418 0.00844469 -0.0038359 0.632898
303.pcd 5.38151 5.9504 -0.0094981 0.803162 0.00776125 -0.00261333 0.595705
304.pcd 5.35731 5.88307 -0.0083268 0.838317 0.00701037 -0.00151952 0.545135
305.pcd 5.34044 5.85024 -0.00694795 0.867478 0.0058002 -0.00136244 0.49744
306.pcd 5.34912 5.85505 -0.00806142 0.89188 0.00504467 -0.00156021 0.45224
307.pcd 5.3576 5.85658 -0.00829309 0.91197 0.00500019 -0.00222533 0.41022
308.pcd 5.36282 5.85546 -0.00897797 0.930129 0.00474451 -0.00315932 0.367189
309.pcd 5.37413 5.85944 -0.00934072 0.946902 0.00396872 -0.00435649 0.321468
310.pcd 5.67764 6.05712 -0.0122769 0.962597 0.00404183 -0.00512592 0.270858
311.pcd 5.71201 6.0747 -0.0128868 0.973597 0.00418482 -0.00521572 0.228178
312.pcd 6.16142 6.30473 -0.0131545 0.977615 0.00109392 -0.00928341 0.210194
313.pcd 6.62797 6.49103 -0.0150493 0.97934 0.00173595 -0.0060516 0.202122
314.pcd 7.10061 6.69247 -0.021531 0.980052 0.00148506 -0.000828468 0.198735
315.pcd 7.58875 6.89912 -0.0232141 0.980668 -0.00208399 -0.00630039 0.195569
316.pcd 8.05686 7.11267 -0.0256957 0.975314 -0.0028955 -0.00805383 0.220657
317.pcd 8.52066 7.33644 -0.0314084 0.976111 -0.00675552 -0.00337678 0.21714
318.pcd 8.9897 7.5495 -0.0352894 0.976723 -0.0058396 -0.00556713 0.214354
319.pcd 9.30017 7.71654 -0.035016 0.96546 -0.00422001 -0.00804117 0.260392
320.pcd 9.74346 7.95422 -0.0328484 0.970831 -0.00667793 -0.0144992 0.239232
321.pcd 10.201 8.1754 -0.0395785 0.979898 -0.00839836 -0.00488214 0.199264
322.pcd 10.6819 8.37511 -0.045005 0.979801 -0.00394322 -0.00316227 0.199914
323.pcd 11.1395 8.5938 -0.0472692 0.975822 -0.00569105 -0.00713571 0.218376
324.pcd 11.594 8.80976 -0.0471054 0.976013 -0.00226633 -0.00821748 0.217544
325.pcd 12.0566 9.03011 -0.0470668 0.975915 0.000301409 -0.00776221 0.218013
326.pcd 12.5293 9.25571 -0.0508236 0.974132 0.00144021 -0.00318565 0.225952
327.pcd 12.9977 9.49393 -0.0560841 0.97419 0.00142435 -0.00277486 0.225707
328.pcd 13.4601 9.70966 -0.0584789 0.980951 -0.000113261 -0.00645183 0.194148
329.pcd 13.7105 9.82982 -0.0609718 0.970905 0.00121349 -0.00316749 0.239441
330.pcd 14.1672 10.057 -0.0716502 0.975671 0.00370515 0.000537306 0.219206
331.pcd 14.3597 10.1342 -0.0739668 0.984646 0.00172499 0.0026314 0.174537
332.pcd 14.8479 10.3007 -0.0784251 0.986196 0.00139524 -0.00267378 0.165555
333.pcd 15.3054 10.4786 -0.077275 0.977722 0.00478167 -0.00965385 0.209627
334.pcd 15.771 10.7087 -0.0716745 0.973696 0.00169458 -0.0106648 0.227597
335.pcd 16.2193 10.959 -0.0753818 0.962748 0.000570297 -0.009657 0.270227
336.pcd 16.5729 11.1745 -0.0775727 0.974689 -0.00161003 -0.00173072 0.223554
337.pcd 17.0339 11.3946 -0.0801767 0.981337 -0.00661063 -0.00591962 0.192091
338.pcd 17.5213 11.5979 -0.0841827 0.979718 6.4431e-05 -0.00555711 0.200303
339.pcd 18.0076 11.808 -0.0917304 0.979615 0.00415014 6.11795e-05 0.200842
340.pcd 18.4789 12.0154 -0.0960324 0.976128 0.00265691 -0.00485517 0.217125
341.pcd 18.9414 12.2314 -0.0959601 0.977783 0.00114459 -0.0074308 0.209485
342.pcd 19.4045 12.44 -0.0973822 0.978423 -0.00345128 -0.00908767 0.206382
343.pcd 18.9372 12.2347 -0.0939875 0.978516 0.00239175 -0.00839917 0.205988
344.pcd 18.8713 12.2179 -0.0947643 0.968129 0.00264262 -0.00712147 0.250337
345.pcd 18.8808 12.2244 -0.0955007 0.954479 0.00253057 -0.00786284 0.298165
346.pcd 18.8879 12.2297 -0.0962766 0.940205 0.00278774 -0.00843253 0.340494
347.pcd 18.8888 12.2362 -0.0941763 0.914556 0.00340647 -0.0088954 0.404347
348.pcd 18.8807 12.2359 -0.0942555 0.888668 0.00342585 -0.00980407 0.458434
349.pcd 18.8699 12.2331 -0.0932512 0.853102 0.00390793 -0.0107649 0.521619
350.pcd 18.8576 12.2277 -0.0915737 0.814101 0.00432729 -0.0113356 0.580596
351.pcd 18.8451 12.2209 -0.0912458 0.772781 0.00521438 -0.0112575 0.634551
352.pcd 18.8336 12.2123 -0.0906777 0.728007 0.00579028 -0.0107035 0.685461
353.pcd 18.8261 12.201 -0.0897014 0.684766 0.00634319 -0.0105155 0.728659
354.pcd 18.8345 12.1653 -0.0875129 0.647624 0.00621104 -0.00968741 0.761873
355.pcd 18.8349 12.1814 -0.0860408 0.608577 0.00661265 -0.00959317 0.79341
356.pcd 18.8421 12.1965 -0.0887258 0.567166 0.00710273 -0.0090687 0.823523
357.pcd 18.6678 12.6898 -0.0890034 0.574217 0.00862429 -0.00446952 0.818645
358.pcd 18.4935 13.1821 -0.0951213 0.57847 0.00487571 -0.00195779 0.815687
359.pcd 18.3129 13.6627 -0.100343 0.547835 0.00463538 -0.00166981 0.836572
360.pcd 18.1889 13.8962 -0.0994508 0.507685 0.00738481 -0.00362901 0.861503
361.pcd 17.9681 14.2507 -0.10112 0.467083 0.00759181 -0.00340056 0.884174
362.pcd 17.683 14.6733 -0.105752 0.466462 0.00383323 -0.00289605 0.884528
363.pcd 17.3995 15.1056 -0.105689 0.49731 0.00871232 -0.00789604 0.867493
364.pcd 17.13 15.5694 -0.0970756 0.519958 0.0121832 -0.00876757 0.85406
365.pcd 16.8766 16.0506 -0.10068 0.519618 0.00677617 -0.00714762 0.854342
366.pcd 16.6424 16.5273 -0.101388 0.521517 0.00649815 -0.00593577 0.853195
367.pcd 16.4131 16.9855 -0.0977863 0.521301 0.00489394 -0.00371985 0.853351
368.pcd 16.1773 17.4337 -0.0962703 0.524018 0.0115141 -0.00897948 0.851582
369.pcd 15.9207 17.9272 -0.0933735 0.525707 0.00810353 -0.00847825 0.850585
370.pcd 15.6825 18.3952 -0.0952922 0.527852 0.00567174 -0.00662328 0.849291
371.pcd 15.9383 17.878 -0.09204 0.530246 0.0102913 -0.00898927 0.847733
372.pcd 16.1738 17.3908 -0.0930996 0.53018 0.0125193 -0.00848763 0.84775
373.pcd 16.4348 16.9499 -0.103856 0.5298 0.0102643 -0.00545808 0.848043
374.pcd 16.6383 16.4795 -0.100812 0.528419 0.00763395 -0.00691551 0.848921
375.pcd 16.8683 15.9562 -0.0978609 0.528506 0.00737317 -0.00609968 0.848875
376.pcd 17.1115 15.4789 -0.0975626 0.528011 0.0154262 -0.00977887 0.849041
377.pcd 17.3628 15.0215 -0.104745 0.52755 0.0102232 -0.00609753 0.849441
378.pcd 17.6097 14.5366 -0.10459 0.527151 0.00755276 -0.00153588 0.849737
379.pcd 17.8505 14.0197 -0.0983088 0.525203 0.0106651 -0.00348033 0.850903
380.pcd 18.0918 13.5262 -0.0957116 0.524615 0.00616544 -0.000853816 0.851317
381.pcd 18.3403 13.0482 -0.0909484 0.523767 0.00756234 -0.00308975 0.851822
382.pcd 18.5885 12.5627 -0.0855598 0.522944 0.0112402 -0.00578712 0.852273
383.pcd 18.7132 12.3011 -0.0885501 0.471912 0.0112485 -0.00755402 0.881542
384.pcd 18.7429 12.2519 -0.0893125 0.41434 0.00974269 -0.00675507 0.910045
385.pcd 18.7863 12.1983 -0.0885136 0.373407 0.00843937 -0.00699599 0.927603
386.pcd 18.8678 12.115 -0.0889525 0.324987 0.00686531 -0.0072137 0.945666
387.pcd 18.9361 12.0536 -0.0874416 0.275581 0.00568092 -0.00697175 0.961236
388.pcd 18.993 12.0104 -0.0873456 0.214864 0.00562289 -0.00594497 0.97661
389.pcd 19.0353 11.9857 -0.0869495 0.157026 0.00575671 -0.00493452 0.987565
390.pcd 19.0522 11.9803 -0.0877739 0.0981278 0.00601197 -0.00449779 0.995146
391.pcd 19.0467 11.9857 -0.0876994 0.0374028 0.00607557 -0.00388091 0.999274
392.pcd 19.0562 11.9949 -0.0885254 -0.0206926 0.00691701 -0.00316981 0.999757
393.pcd 18.5397 11.9802 -0.0916828 -0.0700865 0.00819023 -0.00271451 0.997504
394.pcd 18.4199 11.9431 -0.0924704 -0.115489 0.0102286 -0.00267902 0.993253
395.pcd 18.2893 11.8857 -0.0915119 -0.160932 0.0131092 -0.00317383 0.986873
396.pcd 18.2638 11.8843 -0.0893951 -0.204219 0.0129936 -0.00429244 0.97883
397.pcd 17.7734 11.681 -0.0843381 -0.194903 0.0135613 -0.00396528 0.980721
398.pcd 17.5522 11.5923 -0.0798827 -0.143668 0.0159513 0.00066294 0.989497
399.pcd 17.0729 11.45 -0.0773389 -0.147186 0.0115256 0.00564243 0.989026
400.pcd 16.8463 11.355 -0.0771385 -0.213851 0.00932908 0.00377383 0.976815
401.pcd 16.6565 11.2573 -0.0759719 -0.258249 0.0115433 0.00147876 0.966008
402.pcd 16.4922 11.1425 -0.0743587 -0.30996 0.0154381 0.00173203 0.950623
403.pcd 16.0807 10.8401 -0.0687047 -0.302229 0.0112091 0.00117449 0.953169
404.pcd 15.7266 10.5847 -0.0713383 -0.251733 0.00389982 -0.00257864 0.967785
405.pcd 15.1101 10.2951 -0.0732023 -0.177298 0.0110058 -0.00295034 0.984091
406.pcd 14.5984 10.0996 -0.0702194 -0.161951 0.0107465 -0.00187407 0.986739
407.pcd 14.0943 9.94813 -0.0672906 -0.172633 0.0173791 -0.00336818 0.984827
408.pcd 13.6065 9.82274 -0.0581977 -0.157615 0.0171303 -0.000111999 0.987352
409.pcd 13.3886 9.73416 -0.0525442 -0.207281 0.0137397 -0.000523301 0.978185
410.pcd 13.1642 9.6062 -0.0517854 -0.254669 0.0114096 -0.00205256 0.966959
411.pcd 12.6897 9.30878 -0.0460314 -0.282125 0.0149933 -0.00202501 0.959258
412.pcd 12.3164 9.0807 -0.042144 -0.234501 0.0137038 0.000139656 0.972019
413.pcd 11.8658 8.85009 -0.0419002 -0.188172 0.00868679 0.00117109 0.982097
414.pcd 11.3936 8.66531 -0.0414662 -0.169117 0.00607979 0.00362022 0.985571
415.pcd 10.911 8.49706 -0.0411679 -0.167125 0.00704701 0.00207158 0.985908
416.pcd 10.543 8.37456 -0.035474 -0.121108 0.00898042 0.00550853 0.992583
417.pcd 10.1359 8.26949 -0.0281899 -0.0750824 0.0139855 0.00963571 0.997033
418.pcd 9.64659 8.16482 -0.0306924 -0.101291 0.0105248 0.00547962 0.994786
419.pcd 9.40383 8.06219 -0.0326714 -0.218889 0.00704786 0.00520208 0.97571
420.pcd 9.23538 7.9249 -0.0327992 -0.343043 0.00680472 0.00577365 0.939277
421.pcd 9.06058 7.67285 -0.0310739 -0.474864 0.00855142 0.00799716 0.879981
422.pcd 8.74544 7.21935 -0.0252067 -0.460846 0.0116764 0.00589127 0.887384
423.pcd 8.46847 6.89733 -0.0213372 -0.352868 0.0130109 0.00137275 0.935581
424.pcd 8.12244 6.65755 -0.0188144 -0.196434 0.0128955 0.0010887 0.980432
425.pcd 7.63897 6.56966 -0.0163722 0.0289418 0.00735819 0.000540413 0.999554
426.pcd 7.11236 6.555 -0.0162156 0.0266181 0.00979097 0.000572427 0.999598
427.pcd 6.73901 6.59875 -0.0107998 -0.021444 0.0155206 -0.00173853 0.999648
428.pcd 6.69882 6.5996 -0.00992323 -0.0999782 0.0161687 -0.000220657 0.994858
429.pcd 6.62551 6.5783 -0.00684895 -0.152069 0.0164016 0.000808437 0.988233
430.pcd 6.14364 6.42509 -0.00675399 -0.169311 0.0112404 -0.000174668 0.985499
431.pcd 5.65844 6.23905 -0.00712554 -0.224631 0.00886218 -0.0033999 0.974398
432.pcd 5.47452 6.11361 -0.00697397 -0.299677 0.00781204 -0.00284927 0.954004
433.pcd 5.31317 5.98115 -0.00551186 -0.362384 0.00942579 -0.00187276 0.931979
434.pcd 5.15785 5.77964 -0.00359117 -0.439317 0.0112515 0.0017111 0.89826
435.pcd 5.02925 5.57051 -0.00206836 -0.48193 0.0104937 0.00248923 0.876143
436.pcd 4.85239 5.18871 0.00182322 0.520772 -0.0133444 0.000972263 -0.853591
437.pcd 4.62402 4.72652 0.00050883 0.547193 -0.0113406 -0.000615695 -0.836929
438.pcd 4.35916 4.27314 0.00124906 0.580149 -0.0117556 0.00373534 -0.814417
439.pcd 4.27444 3.86651 0.00461303 0.616974 -0.0143471 0.00280677 -0.786848
440.pcd 4.25792 3.58745 0.00447597 0.65184 -0.0125525 0.000972675 -0.758252
441.pcd 4.19068 3.07051 0.00976028 0.625677 -0.0108942 -0.00205674 -0.780004
442.pcd 4.17314 2.95064 0.0166788 0.56979 -0.00860342 0.000192869 -0.821746
443.pcd 4.14404 2.853 0.0146148 0.522095 -0.011383 -0.00163862 -0.85281
444.pcd 3.77179 2.24221 0.0106647 -0.401604 0.0124875 -0.00194067 0.915726
445.pcd 3.46928 2.0071 0.0202017 -0.349998 0.0157077 -0.00286306 0.936614
