0.pcd 6.24111e-06 1.50153e-05 0.000764488 0.99998 0.000978135 -0.00625957 3.56005e-05
1.pcd -0.00208744 0.00225286 -0.00216986 0.99898 0.000271306 -0.00591657 0.044766
2.pcd -0.00732292 0.00404634 -0.00161321 0.995982 0.000176198 -0.00540376 0.0893864
3.pcd -0.0100166 0.00710236 -0.00196189 0.99031 0.000385348 -0.00496764 0.138783
4.pcd -0.0151726 0.00797144 -0.00170928 0.981209 0.000163819 -0.00523686 0.192877
5.pcd -0.0168168 0.0108575 -0.00196673 0.971634 0.00028358 -0.00534809 0.236427
6.pcd -0.022797 0.0123035 -0.00140792 0.960244 0.000519514 -0.00525901 0.279111
7.pcd -0.0249135 0.014019 -0.00228617 0.946453 0.00132824 -0.00511873 0.322798
8.pcd -0.0305066 0.0110618 -0.00136323 0.927103 0.00172961 -0.00504238 0.374769
9.pcd -0.0341425 0.0145348 -0.000999829 0.904465 0.00193875 -0.00564688 0.426505
10.pcd -0.0407889 0.0114002 -0.000371074 0.882838 0.00222335 -0.00636688 0.46963
11.pcd -0.0444607 0.009856 -0.000278605 0.860677 0.00277063 -0.00684488 0.509098
12.pcd -0.0485034 0.00886279 0.000205416 0.834143 0.00300491 -0.00743121 0.55149
13.pcd -0.051944 0.00658654 0.000418949 0.806636 0.00316339 -0.0075429 0.590993
14.pcd -0.0546926 0.00491223 0.000324225 0.778523 0.00309421 -0.00774465 0.62756
15.pcd -0.0579611 0.00148071 0.000489002 0.741804 0.00341975 -0.00754075 0.670566
16.pcd -0.0612684 0.000753549 0.000737708 0.709383 0.00339167 -0.00706547 0.704779
17.pcd -0.063466 -0.00564057 0.00028853 0.670751 0.00267079 -0.00651341 0.741649
18.pcd -0.064169 -0.00636038 0.000539465 0.636098 0.00152189 -0.00551449 0.771587
19.pcd -0.0645321 -0.0141949 0.000191774 0.599834 0.000911552 -0.00521111 0.800107
20.pcd -0.0685328 -0.0120828 8.16231e-05 0.558361 0.00201013 -0.00555266 0.829577
21.pcd -0.0686515 -0.017095 6.05914e-05 0.516996 0.00215185 -0.00559067 0.855967
22.pcd -0.0696037 -0.0203406 8.84658e-05 0.473483 0.00271372 -0.00592274 0.880779
23.pcd -0.0699477 -0.0244631 0.000121762 0.430162 0.00293125 -0.00592475 0.902727
24.pcd -0.0704264 -0.0277292 0.000210412 0.384806 0.00410074 -0.00592521 0.922969
25.pcd -0.0688089 -0.0308459 0.000255747 0.342565 0.00466711 -0.00549147 0.939466
26.pcd -0.0678272 -0.0343052 -0.000391508 0.290734 0.00489402 -0.0051164 0.956778
27.pcd -0.0711464 -0.0369879 0.000118244 0.236413 0.00531759 -0.00453237 0.971628
28.pcd -0.0630972 -0.0427855 -0.000307104 0.190256 0.00455161 -0.00497232 0.981711
29.pcd -0.0630352 -0.0468364 -0.00103814 0.138166 0.00386071 -0.00332379 0.990396
30.pcd -0.0618266 -0.0493249 -0.000976114 0.0901684 0.00332251 -0.00203858 0.995919
31.pcd -0.0568693 -0.051053 -0.00195037 0.0397775 0.00304876 -0.00117519 0.999203
32.pcd -0.0591649 -0.0543378 -0.00181994 -0.0174863 0.0025284 -0.00038528 0.999844
33.pcd -0.0610472 -0.0584269 -0.00170615 -0.0642975 0.00255669 0.000475479 0.997927
34.pcd -0.0569878 -0.0613147 -0.00114242 -0.121979 0.00226961 0.00115837 0.992529
35.pcd -0.0538047 -0.0616041 -0.00169728 -0.167589 0.00169806 0.00135885 0.985854
36.pcd -0.0497739 -0.0625492 -0.00138669 -0.224586 0.00129112 0.00133507 0.974452
37.pcd -0.0472804 -0.0630936 -0.00158936 -0.269264 0.000837652 0.00116113 0.963065
38.pcd -0.0433573 -0.0628268 -0.00198798 -0.312319 0.000551704 0.00078543 0.949977
39.pcd -0.0411747 -0.0613872 -0.00310826 -0.355879 0.000195996 4.82561e-05 0.934532
40.pcd -0.0380801 -0.0604865 -0.00246124 -0.406896 0.000141062 0.000142459 0.913474
41.pcd -0.0344649 -0.0606335 -0.00206613 -0.450362 0.000699765 0.000745198 0.892845
42.pcd -0.0282022 -0.0585843 -0.00179811 -0.498396 0.00117355 0.00138497 0.866948
43.pcd -0.0256556 -0.0580485 -0.00137649 0.536957 -0.00181884 -0.0021371 -0.843605
44.pcd -0.0210433 -0.0554102 -0.00092194 0.584398 -0.00309885 -0.0032572 -0.811455
45.pcd -0.0155338 -0.058434 -0.00150696 0.632451 -0.00137107 -0.00332948 -0.774592
46.pcd -0.012358 -0.061609 -0.000762446 0.668483 -0.00380938 -0.00577716 -0.743695
47.pcd -0.00639248 -0.0473044 -0.00138321 0.704213 -0.00336206 -0.0060156 -0.709956
48.pcd -0.00180209 -0.0509041 -0.0010974 0.739808 -0.00351088 -0.00744227 -0.672768
49.pcd 0.000767534 -0.0454757 -0.00107038 0.769194 -0.00313283 -0.00821707 -0.638955
50.pcd 0.00332527 -0.0437026 -0.000826703 0.80411 -0.00299596 -0.00928346 -0.5944
51.pcd 0.00472426 -0.037848 -0.000546651 0.833139 -0.0025926 -0.0100004 -0.552968
52.pcd 0.00612177 -0.031807 -0.000387199 0.859761 -0.00189899 -0.0102825 -0.51059
53.pcd 0.00941381 -0.0290768 -0.000756364 0.887026 -0.0013834 -0.0108058 -0.461591
54.pcd 0.00912253 -0.0244643 -0.000827523 0.907682 -0.00075104 -0.0105363 -0.419526
55.pcd 0.0121289 -0.0194222 -0.000966274 0.929998 -0.000238598 -0.010023 -0.367428
56.pcd 0.0118008 -0.0152928 -0.00152247 0.946704 4.38169e-05 -0.00952949 -0.321964
57.pcd 0.00896025 -0.0120856 -0.00205578 0.961706 0.000259593 -0.00894265 -0.273937
58.pcd 0.4568 -0.250908 -0.000925188 0.969103 -0.00076292 -0.00877262 -0.2465
59.pcd 0.89984 -0.490679 0.00380275 0.96766 -0.00549662 -0.0107863 -0.251966
60.pcd 1.3485 -0.733469 0.010793 0.968101 -0.00323505 -0.0133868 -0.250181
61.pcd 1.78869 -0.971319 0.0126865 0.967089 -0.00685027 -0.00495028 -0.254298
62.pcd 2.22654 -1.21809 0.0158826 0.96154 -0.00367798 -0.00663714 -0.274559
63.pcd 2.26269 -1.24696 0.0170034 0.947669 -0.00353888 -0.00871546 -0.319115
64.pcd 2.30314 -1.28048 0.0170433 0.928869 -0.00323677 -0.007798 -0.370311
65.pcd 2.32996 -1.30851 0.0175821 0.911258 -0.00297732 -0.00842258 -0.411739
66.pcd 2.35405 -1.34081 0.0179895 0.89178 -0.00303302 -0.00955333 -0.452358
67.pcd 2.38319 -1.39109 0.0178303 0.865246 -0.00366532 -0.00956408 -0.501244
68.pcd 2.40984 -1.45149 0.0177952 0.837976 -0.00297142 -0.00853309 -0.545633
69.pcd 2.42955 -1.51063 0.0174303 0.80802 -0.00303365 -0.00746801 -0.5891
70.pcd 2.44514 -1.57289 0.0176022 0.779121 -0.00312377 -0.00733291 -0.626822
71.pcd 2.45484 -1.64585 0.0173289 0.746881 -0.00162626 -0.00489214 -0.664938
72.pcd 2.45883 -1.71444 0.0172184 0.71474 -0.00145629 -0.00391422 -0.699378
73.pcd 2.46014 -2.22182 0.01757 0.7082 -0.0032312 -0.0040439 -0.705992
74.pcd 2.46915 -2.72889 0.0172489 0.712245 -0.000752555 -0.00567162 -0.701907
75.pcd 2.47791 -3.23341 0.0132345 0.709278 -0.000387789 -0.00174481 -0.704926
76.pcd 2.4817 -3.73701 0.0108325 0.709347 -0.0015303 -0.00214599 -0.704854
77.pcd 2.49531 -4.2448 0.00721317 0.726154 0.000233338 -0.00352894 -0.687523
78.pcd 2.52099 -4.75063 0.000654026 0.721449 0.00252949 -3.34749e-05 -0.692463
79.pcd 2.54639 -5.25768 -0.0104616 0.723676 0.00600952 0.00474189 -0.690097
80.pcd 2.57709 -5.77006 -0.0105159 0.723448 -0.00061342 -0.00363626 -0.690369
81.pcd 2.60529 -6.2706 -0.00940172 0.725087 -0.00126536 -0.0041436 -0.688643
82.pcd 2.63631 -6.77139 -0.0072752 0.72395 -0.00163259 -0.00571987 -0.689827
83.pcd 2.66502 -7.28754 -0.0074653 0.72355 -0.00155304 -0.00480408 -0.690253
84.pcd 2.69126 -7.79498 -0.00722695 0.723083 -0.00197797 -0.0044416 -0.690744
85.pcd 2.71734 -8.30272 -0.00878483 0.722582 -0.00140475 -0.00289694 -0.691278
86.pcd 2.7435 -8.80361 -0.00914052 0.722001 -0.00177878 -0.00362495 -0.69188
87.pcd 2.75743 -9.31547 -0.00961229 0.706995 -0.0026241 -0.00462613 -0.707198
88.pcd 2.75791 -9.82238 -0.010942 0.705013 -0.00221494 -0.00323874 -0.709183
89.pcd 2.75783 -10.3297 -0.0119122 0.704331 -0.00257643 -0.00313208 -0.709861
90.pcd 2.75684 -10.8363 -0.0148517 0.703392 -0.00189638 -0.00178624 -0.710797
91.pcd 2.75571 -11.3437 -0.0170437 0.702277 -0.00178952 -0.00160155 -0.7119
92.pcd 2.75654 -11.8506 -0.0196563 0.701128 -0.000947206 -0.00202853 -0.713032
93.pcd 2.75401 -12.3603 -0.0193275 0.700196 -0.00172269 -0.0039887 -0.713937
94.pcd 2.77086 -12.87 -0.0194938 0.731306 -0.000651465 -0.00484065 -0.682032
95.pcd 2.78498 -12.9826 -0.0192844 0.761964 0.000346687 -0.00518564 -0.647599
96.pcd 2.80604 -13.0693 -0.0189183 0.790338 0.000474988 -0.00572797 -0.612644
97.pcd 2.83782 -13.1561 -0.018805 0.818788 0.00114637 -0.00575668 -0.574066
98.pcd 2.87491 -13.2417 -0.0191566 0.843922 0.00165563 -0.00559525 -0.536435
99.pcd 2.90846 -13.3012 -0.0188978 0.867615 0.00185892 -0.00656609 -0.497189
100.pcd 2.93919 -13.3448 -0.0186931 0.892555 0.00149539 -0.00732515 -0.450876
101.pcd 2.96551 -13.3708 -0.0194371 0.914155 0.00159362 -0.00775408 -0.405287
102.pcd 2.99264 -13.3941 -0.0200923 0.931971 0.00155528 -0.00799268 -0.36244
103.pcd 3.03025 -13.4216 -0.020844 0.946893 0.00146618 -0.00843482 -0.321436
104.pcd 3.07918 -13.4536 -0.020824 0.962675 0.000915472 -0.0085734 -0.270522
105.pcd 3.13345 -13.4816 -0.0214639 0.97502 0.000799215 -0.00941275 -0.221915
106.pcd 3.19265 -13.5021 -0.0208412 0.98503 0.000335663 -0.0100279 -0.172092
107.pcd 3.24343 -13.5163 -0.0210525 0.992192 0.000157279 -0.0103695 -0.124285
108.pcd 3.29293 -13.5221 -0.0198722 0.997062 0.000201412 -0.010533 -0.0758743
109.pcd 3.63903 -13.5656 -0.0173488 0.999453 0.000431608 -0.00928783 -0.0317422
110.pcd 3.81006 -13.5693 -0.0155143 0.999893 0.00104384 -0.00754918 0.0125013
111.pcd 4.31527 -13.528 -0.0123523 0.999892 0.00151389 -0.00801945 0.0122401
112.pcd 4.81983 -13.5198 -0.00978485 0.999967 0.000548159 -0.00794326 0.00133556
113.pcd 5.33278 -13.5187 -0.00685594 0.999972 -7.25886e-05 -0.00749079 -0.000747774
114.pcd 5.84319 -13.5185 -0.00425958 0.99998 -8.52207e-05 -0.00620224 -0.00108472
115.pcd 6.35404 -13.5194 -0.00203757 0.999971 0.000205738 -0.00596901 -0.00463094
116.pcd 6.86088 -13.5262 0.00110605 0.99993 0.00135554 -0.00609654 -0.0100903
117.pcd 7.36971 -13.5318 0.00261764 0.999925 0.00105135 -0.00633949 -0.0104016
118.pcd 7.87451 -13.5479 0.00356561 0.999656 0.000275593 -0.00578333 -0.0255804
119.pcd 8.37719 -13.5547 0.00453034 0.999986 0.00130349 -0.00472907 0.00200841
120.pcd 8.88798 -13.553 0.0042021 0.999991 0.000971623 -0.00384539 -0.00118873
121.pcd 9.38855 -13.5517 0.00289753 0.999988 0.000234229 -0.00402391 -0.00263146
122.pcd 9.89168 -13.5513 0.00206159 0.999983 0.000123603 -0.00448904 -0.00374504
123.pcd 10.3947 -13.5532 0.00175959 0.999977 -0.000219363 -0.00442353 -0.00515765
124.pcd 10.8958 -13.5568 0.00173208 0.999973 0.000164338 -0.00380787 -0.00627457
125.pcd 11.4105 -13.5599 0.00161368 0.999962 -0.000184864 -0.00403536 -0.0077451
126.pcd 11.9123 -13.5584 0.00141301 0.999948 0.000778176 -0.0042673 -0.00923124
127.pcd 12.4267 -13.5609 0.000226937 0.999941 0.000502162 -0.00349249 -0.0102278
128.pcd 12.9301 -13.5674 0.00041495 0.999918 0.000246231 -0.00439174 -0.0119938
129.pcd 13.0612 -13.5783 -0.00140818 0.99826 -0.000254855 -0.00382922 -0.058842
130.pcd 13.0735 -13.5787 -0.00231349 0.994542 -0.000583816 -0.00435554 -0.104245
131.pcd 13.0807 -13.5865 -0.00302849 0.98862 -0.00122244 -0.00448738 -0.150364
132.pcd 13.1038 -13.5973 -0.00315822 0.979819 -0.00155899 -0.00373408 -0.199847
133.pcd 13.1223 -13.6095 -0.00309251 0.969551 -0.00160158 -0.00230912 -0.244873
134.pcd 13.1469 -13.6254 -0.00326221 0.955956 -0.00199709 -0.0020176 -0.293496
135.pcd 13.1641 -13.6419 -0.00343381 0.940283 -0.00207988 -0.00167064 -0.340384
136.pcd 13.1806 -13.6615 -0.00320114 0.922311 -0.00240187 -0.00130628 -0.386438
137.pcd 13.1973 -13.6806 -0.00361167 0.903236 -0.00252344 -0.000800369 -0.429136
138.pcd 13.2085 -13.7019 -0.00385774 0.880903 -0.00267936 -0.00056673 -0.473289
139.pcd 13.2232 -13.7357 -0.00393959 0.858173 -0.00323153 -0.000661424 -0.51335
140.pcd 13.4628 -14.1566 -0.00642332 0.88008 -0.00278584 -0.00164802 -0.474815
141.pcd 13.4716 -14.1657 -0.00630218 0.900847 -0.00251297 -0.00152571 -0.434128
142.pcd 13.5042 -14.1992 -0.00676103 0.92076 -0.00214694 -0.00151059 -0.39012
143.pcd 13.5273 -14.216 -0.00711213 0.938077 -0.0019112 -0.00171811 -0.346418
144.pcd 13.5372 -14.2221 -0.00772556 0.953986 -0.00170884 -0.00192844 -0.299839
145.pcd 13.5549 -14.2295 -0.00697655 0.966329 -0.00163111 -0.00218055 -0.257294
146.pcd 13.5803 -14.2408 -0.00685099 0.978434 -0.00131203 -0.00267593 -0.206539
147.pcd 13.5967 -14.2432 -0.00705832 0.987289 -0.00125174 -0.00276756 -0.158905
148.pcd 13.6098 -14.243 -0.00640452 0.993312 -0.000870107 -0.00276468 -0.115423
149.pcd 13.6262 -14.2409 -0.00604131 0.998132 -0.000531884 -0.0028602 -0.0610195
150.pcd 13.6392 -14.2401 -0.00564806 0.999901 -4.12272e-05 -0.00257736 -0.013804
151.pcd 13.6492 -14.2361 -0.00572128 0.999489 0.000193197 -0.0026982 0.0318528
152.pcd 13.6637 -14.2325 -0.00587631 0.99678 0.000796133 -0.00279571 0.0801322
153.pcd 13.6699 -14.2325 -0.00533074 0.992281 0.00122713 -0.00289273 0.12397
154.pcd 13.6688 -14.2303 -0.00527628 0.985273 0.00158742 -0.00326091 0.17095
155.pcd 13.6623 -14.2305 -0.00582027 0.974264 0.00214148 -0.00342318 0.225372
156.pcd 13.6539 -14.2305 -0.00563523 0.960668 0.00260899 -0.00316387 0.277668
157.pcd 13.649 -14.2284 -0.00601882 0.943896 0.00317919 -0.00319615 0.330213
158.pcd 13.6449 -14.2299 -0.0057489 0.924165 0.00349233 -0.00349502 0.381962
159.pcd 13.6403 -14.2318 -0.00649752 0.900667 0.00403236 -0.003651 0.434475
160.pcd 13.6357 -14.2331 -0.00602682 0.875001 0.0040386 -0.00375779 0.48409
161.pcd 13.6312 -14.2342 -0.00685901 0.845975 0.00429632 -0.00398274 0.533191
162.pcd 13.6281 -14.2369 -0.00608433 0.814851 0.00434474 -0.00370062 0.579642
163.pcd 13.6237 -14.2393 -0.00566355 0.787662 0.0047487 -0.00389502 0.616077
164.pcd 13.6219 -14.243 -0.00522038 0.753647 0.00496034 -0.00394037 0.657249
165.pcd 13.6193 -14.2426 -0.00553306 0.722542 0.00564605 -0.00431561 0.69129
166.pcd 13.6113 -13.73 -0.00331324 0.704328 0.00526021 -0.00422489 0.709842
167.pcd 13.6008 -13.2257 -0.00187423 0.69961 0.00533469 -0.00496878 0.714487
168.pcd 13.5799 -12.7223 -0.00100925 0.695027 0.00488098 -0.00446171 0.718953
169.pcd 13.5592 -12.2185 -0.000594841 0.695583 0.00433432 -0.00415696 0.718421
170.pcd 13.5467 -11.7181 -0.00192281 0.702288 0.00393338 -0.00444891 0.711868
171.pcd 13.538 -11.2155 -0.00155856 0.702825 0.0034031 -0.00436493 0.711341
172.pcd 13.5301 -10.7071 -0.000506709 0.703605 0.00361904 -0.00504696 0.710564
173.pcd 13.5236 -10.2009 0.00162069 0.704279 0.00448263 -0.00556511 0.709888
174.pcd 13.5183 -9.69402 0.00333797 0.704884 0.00356438 -0.00468143 0.709298
175.pcd 13.5145 -9.1908 0.00488814 0.706005 0.00322885 -0.004807 0.708183
176.pcd 13.5095 -8.67845 0.00629582 0.707134 0.003962 -0.00429224 0.707056
177.pcd 13.5069 -8.16859 0.00771958 0.707892 0.00467661 -0.0045046 0.706291
178.pcd 13.5064 -7.6639 0.00964173 0.708996 0.00406274 -0.0035925 0.705191
179.pcd 13.5063 -7.15133 0.010779 0.709851 0.00457048 -0.00369305 0.704327
180.pcd 13.5069 -6.63824 0.0121838 0.710654 0.00452143 -0.00458114 0.703512
181.pcd 13.5045 -6.12893 0.0132503 0.711946 0.00492374 -0.00361504 0.702208
182.pcd 13.5008 -5.62354 0.0112384 0.692933 0.0043659 -0.00244457 0.720985
183.pcd 13.482 -5.11982 0.0086687 0.696841 0.00366227 -0.00244538 0.717212
184.pcd 13.4652 -4.60552 0.00737915 0.697624 0.00406449 -0.00270371 0.716448
185.pcd 13.4485 -4.10229 0.00747765 0.697408 0.00496047 -0.00300162 0.716651
186.pcd 13.4367 -3.59272 0.00781329 0.697407 0.00482638 -0.00397914 0.716648
187.pcd 13.4218 -3.09145 0.0072146 0.696702 0.00379223 -0.00381259 0.71734
188.pcd 13.4017 -2.59118 0.00599816 0.697282 0.00422385 -0.00366119 0.716775
189.pcd 13.3769 -2.07973 -0.000933476 0.696886 -0.000901436 0.000522909 0.717181
190.pcd 13.3544 -1.5779 -0.00024758 0.69743 0.00593475 -0.00453168 0.716614
191.pcd 13.3534 -1.30189 -0.00190074 0.729787 0.00274569 -0.00178743 0.683667
192.pcd 13.3628 -1.17922 -0.00232871 0.758897 0.00458359 -0.00378749 0.651184
193.pcd 13.3904 -1.04869 -0.00234354 0.788532 0.00626651 -3.00186e-05 0.614962
194.pcd 13.4151 -0.972352 -0.00187054 0.821378 0.00614745 0.000815497 0.57035
195.pcd 13.4439 -0.909609 -0.00291427 0.849949 0.00577938 -0.00159347 0.526831
196.pcd 13.4782 -0.851946 -0.00298722 0.874614 0.00588366 -0.00375064 0.484769
197.pcd 13.5199 -0.797789 -0.00138826 0.896579 0.00806563 -0.00565918 0.442775
198.pcd 13.565 -0.744848 -0.000731781 0.91647 0.00825103 -0.00486379 0.399989
199.pcd 13.615 -0.700701 0.00106726 0.935687 0.0091234 -0.00404176 0.352691
200.pcd 13.6543 -0.670444 0.00208856 0.950625 0.00885177 -0.00402109 0.310189
201.pcd 13.7158 -0.634395 0.00235367 0.967151 0.00788365 -0.00379019 0.254052
202.pcd 13.768 -0.61119 0.00406639 0.977899 0.00937462 -0.00868195 0.208686
203.pcd 13.8441 -0.583351 0.00293381 0.986784 0.00760325 -0.00634293 0.161738
204.pcd 13.9231 -0.561326 0.000566755 0.994181 0.00764781 -0.00557291 0.107307
205.pcd 13.9949 -0.546046 0.000900222 0.998546 0.00837243 -0.00335374 0.0531371
206.pcd 14.0734 -0.541905 -0.000700563 0.99995 0.0084211 -0.00084887 -0.00530929
207.pcd 14.1448 -0.546458 -0.00108619 0.9981 0.00880417 -0.00157899 -0.0609604
208.pcd 14.1927 -0.556104 -0.00120088 0.994491 0.00851648 -0.00140381 -0.104466
209.pcd 14.2375 -0.572241 -0.00122836 0.987974 0.00856943 -0.0027859 -0.154355
210.pcd 14.2998 -0.597584 -0.00255692 0.978111 0.00816013 0.00180093 -0.207917
211.pcd 14.3221 -0.618819 -0.00288274 0.967207 0.00759694 0.00210541 -0.253868
212.pcd 14.3166 -0.619202 -0.00295807 0.952098 0.0074739 0.00111592 -0.305699
213.pcd 14.3274 -0.621678 -0.00261812 0.937536 0.00779734 0.00111845 -0.3478
214.pcd 14.3265 -0.624167 -0.00241768 0.916409 0.00807523 0.00226786 -0.400156
215.pcd 14.3241 -0.627509 -0.00271348 0.893708 0.00719979 0.00223346 -0.448585
216.pcd 14.3257 -0.631796 -0.0023294 0.868437 0.00537296 0.00262206 -0.495764
217.pcd 14.3262 -0.633517 -0.00295375 0.845807 0.00446937 0.00276745 -0.533463
218.pcd 14.3276 -0.634879 -0.002754 0.816514 0.00416154 0.00342026 -0.5773
219.pcd 14.3229 -0.63653 -0.00328032 0.782095 0.00317448 0.00351707 -0.623141
220.pcd 14.32 -0.643192 -0.00354195 0.747373 0.000933076 0.00421319 -0.66439
221.pcd 14.3145 -0.64288 -0.00433423 0.712364 0.000164322 0.00529432 -0.701791
222.pcd 14.3128 -0.643998 -0.00490283 0.678214 0.000291191 0.00592802 -0.73484
223.pcd 14.3122 -0.646596 -0.00527547 0.64322 -8.77523e-05 0.00592756 -0.765659
224.pcd 14.311 -0.65584 -0.00564965 0.607 -0.000997635 0.00814673 -0.794659
225.pcd 14.3073 -0.667303 -0.00636935 0.568455 -0.002393 0.0107104 -0.822641
226.pcd 14.2999 -0.68474 -0.00744296 0.529459 -0.0026851 0.0125725 -0.848238
227.pcd 14.2808 -0.721379 -0.00790022 -0.484159 0.00193975 -0.0131345 0.874879
228.pcd 14.2347 -0.786558 -0.00900504 -0.442628 -0.000756607 -0.0112617 0.896635
229.pcd 13.9259 -1.19956 -0.00154651 -0.449587 0.00744167 0.00242402 0.893202
230.pcd 13.6279 -1.61445 -0.00114182 -0.441411 0.00874425 0.00168197 0.897261
231.pcd 13.4983 -1.79923 0.00014533 -0.486867 0.00730322 0.0012786 0.873445
232.pcd 13.484 -1.82677 0.000150444 0.530639 -0.00720778 -0.00161623 -0.847566
233.pcd 13.4711 -1.86001 -0.00036818 0.573323 -0.00569781 -0.00202667 -0.819307
234.pcd 13.4595 -1.89674 -0.000351622 0.610975 -0.00455776 -0.00360643 -0.791628
235.pcd 13.4484 -1.95061 5.54102e-05 0.6502 -0.00568459 -0.00361005 -0.759733
236.pcd 13.4436 -1.99856 -0.000951651 0.685284 -0.00379234 -0.00397486 -0.728255
237.pcd 13.4492 -2.49928 0.00685818 0.706435 -0.00932665 -0.0090827 -0.707659
238.pcd 13.4567 -3.01402 0.00664622 0.707969 -0.0047015 -0.00481472 -0.706212
239.pcd 13.4638 -3.53348 0.00533411 0.706801 -0.00386514 -0.00385747 -0.707391
240.pcd 13.4619 -4.04516 0.0047865 0.706385 -0.00485212 -0.00220633 -0.707807
241.pcd 13.4635 -4.5661 0.00452352 0.705895 -0.00559587 -0.00270341 -0.70829
242.pcd 13.4648 -5.06811 0.00526178 0.704838 -0.00594882 -0.00296962 -0.709337
243.pcd 13.4621 -5.56914 0.00606852 0.70444 -0.00648671 -0.00262437 -0.709729
244.pcd 13.4622 -5.06383 0.00402793 0.704829 -0.00674702 -0.00364419 -0.709336
245.pcd 13.4626 -4.55201 0.00364625 0.706262 -0.00608595 -0.00320817 -0.707917
246.pcd 13.4603 -4.04277 0.00452035 0.706963 -0.00509033 -0.0023878 -0.707229
247.pcd 13.4571 -3.53319 0.00471801 0.707675 -0.00447737 -0.00349439 -0.706515
248.pcd 13.4542 -3.03189 0.00616663 0.708443 -0.00404019 -0.00428769 -0.705743
249.pcd 13.457 -2.61748 0.00706375 0.675673 -0.00452618 -0.00415923 -0.737176
250.pcd 13.4797 -2.37734 0.00672978 0.641494 -0.010431 -0.00854741 -0.767009
251.pcd 13.5889 -1.9059 -0.000214883 0.605845 -0.00528427 -0.00467824 -0.795552
252.pcd 13.6217 -1.75759 -0.000415774 0.566718 -0.00384238 -0.00444841 -0.823891
253.pcd 13.6776 -1.62792 -0.000400039 0.529029 -0.00758037 -0.00421544 -0.84856
254.pcd 13.7399 -1.50933 -0.00196144 -0.49107 0.00574335 0.00428512 0.871091
255.pcd 13.8132 -1.39794 -0.00258162 -0.44826 0.00423276 0.00341776 0.893886
256.pcd 13.9006 -1.29025 -0.00228144 -0.396472 0.00752054 0.00337614 0.91801
257.pcd 13.9963 -1.19489 -0.00220184 -0.347685 0.00937058 0.00178604 0.937563
258.pcd 14.1021 -1.1039 -0.00345968 -0.29645 0.0144899 0.00175502 0.954937
259.pcd 14.2074 -1.02967 -0.00630186 -0.247862 0.00822547 -0.0023364 0.968758
260.pcd 14.3332 -0.959693 -0.00717864 -0.191223 0.0106029 -0.00317877 0.981484
261.pcd 14.4581 -0.913806 -0.00603575 -0.139337 0.0116079 -0.00761227 0.990148
262.pcd 14.5884 -0.877751 -0.00724029 -0.086383 0.00950802 -0.00910766 0.996175
263.pcd 14.7163 -0.85686 -0.00899896 -0.0373337 0.00799688 -0.00999344 0.999221
264.pcd 14.8532 -0.850407 -0.00784623 0.0128509 0.00490981 -0.0107506 0.999848
265.pcd 14.8652 -0.847998 -0.00704858 0.0669654 0.00390876 -0.0110647 0.997686
266.pcd 14.8027 -0.837531 -0.00845386 0.116083 0.00415258 -0.01178 0.993161
267.pcd 14.706 -0.805163 -0.00616364 0.161207 0.00684198 -0.0107749 0.986838
268.pcd 14.5576 -0.751866 -0.00665566 0.207456 0.00893384 -0.0128779 0.978119
269.pcd 14.1086 -0.532051 0.00155776 0.225467 0.0130539 -0.0119607 0.97409
270.pcd 13.7644 -0.382609 0.00364964 0.182777 0.0110379 -0.00918787 0.98305
271.pcd 13.5821 -0.327718 0.00511773 0.135957 0.00648854 -0.00735405 0.990666
272.pcd 13.4329 -0.298517 0.00619378 0.0898071 0.00675349 -0.00684988 0.995913
273.pcd 13.2773 -0.284098 0.00739383 0.0454228 0.00674658 -0.00426704 0.998936
274.pcd 13.0206 -0.277486 0.00922218 -0.000151836 0.00567034 -0.00342779 0.999978
275.pcd 12.5034 -0.286275 0.0115876 -0.0123629 0.0073531 -0.00132917 0.999896
276.pcd 12.0014 -0.290198 0.0157411 -0.00151105 0.0078933 -0.000252976 0.999968
277.pcd 11.4845 -0.299822 0.0146898 0.00429524 0.00484004 -0.00166093 0.999978
278.pcd 10.9797 -0.297183 0.0157425 0.00304841 0.0054381 -0.00119767 0.99998
279.pcd 10.4792 -0.296555 0.0154706 0.00436764 0.00361344 -0.0032787 0.999979
280.pcd 9.97365 -0.297349 0.0155758 0.00578492 0.00308744 -0.00212324 0.999976
281.pcd 9.45417 -0.29428 0.012218 0.00783443 -0.00220155 -0.000443296 0.999967
282.pcd 8.94468 -0.285186 0.0101688 0.0119868 0.00244137 0.000464349 0.999925
283.pcd 8.42679 -0.277 0.0124924 0.0152855 0.00648729 0.00102008 0.999862
284.pcd 7.91317 -0.256928 0.0137024 0.0214856 0.00728389 -0.00339504 0.999737
285.pcd 7.39181 -0.242937 0.0165365 0.00677236 0.00674163 -0.00274187 0.999951
286.pcd 6.88583 -0.241991 0.021815 0.00792032 0.00850238 -0.00290994 0.999928
287.pcd 6.36696 -0.232054 0.0232604 0.0134728 0.00665035 -0.00566796 0.999871
288.pcd 5.84799 -0.224291 0.0231919 0.00840246 0.00409605 -0.00717308 0.999931
289.pcd 5.32836 -0.219223 0.0252548 0.00935314 0.00631305 -0.00764591 0.999907
290.pcd 4.81576 -0.228952 0.029538 -0.0173805 0.00902836 -0.00216325 0.999806
291.pcd 4.31233 -0.267594 0.0298608 -0.0363338 0.00326192 -0.00356517 0.999328
292.pcd 3.79889 -0.306667 0.0345106 -0.0339679 0.00670641 -0.00135871 0.999399
293.pcd 3.28251 -0.337879 0.0335914 -0.0231335 0.0031208 -0.00183135 0.999726
294.pcd 2.77175 -0.359355 0.03134 -0.0184166 0.00271451 -0.00157955 0.999825
295.pcd 2.25448 -0.378788 0.0286803 -0.018683 0.00278176 -0.002669 0.999818
296.pcd 1.82632 -0.406295 0.0253061 -0.0634083 0.00160522 -0.00298307 0.997982
297.pcd 1.59824 -0.450765 0.0245517 -0.107991 0.00237956 0.000310293 0.994149
298.pcd 1.35407 -0.519179 0.0251842 -0.152846 0.00318245 0.00253827 0.988242
299.pcd 0.944047 -0.675456 0.0227168 -0.195877 -0.000277121 0.00589288 0.980611
300.pcd 0.479618 -0.877645 0.0207579 -0.205638 0.00155594 0.00625815 0.978607
301.pcd 0.0619161 -1.05917 0.0209505 -0.159247 0.00427707 0.00387259 0.987222
302.pcd -0.00356593 -1.07515 0.0204143 -0.110668 0.00336585 0.00296524 0.993847
303.pcd -0.0682777 -1.08416 0.0198567 -0.0611258 0.00365779 0.00232218 0.998121
304.pcd -0.326482 -1.10482 0.0184809 -0.0155399 0.00180728 0.00246577 0.999875
305.pcd -0.387017 -1.10486 0.0189295 0.0300986 0.00214913 0.00238536 0.999542
306.pcd -0.378426 -1.10276 0.0185107 0.0750697 0.00248979 0.00289043 0.997171
307.pcd -0.389333 -1.10161 0.0182243 0.121498 0.00190937 0.00261041 0.992586
308.pcd -0.396563 -1.09924 0.0184542 0.164847 0.00118435 0.00230575 0.986316
309.pcd -0.399341 -1.09661 0.0193853 0.208997 0.000809588 0.00250493 0.977913
310.pcd -0.395439 -1.09388 0.0199892 0.261864 0.00190307 0.00223275 0.9651
311.pcd -0.399832 -1.08994 0.0208034 0.304517 0.00322465 0.00149968 0.9525
312.pcd -0.402796 -1.08824 0.0213457 0.348605 0.00405033 0.00103016 0.93726
313.pcd -0.405157 -1.08464 0.0227709 0.39862 0.00632873 0.00100634 0.917094
314.pcd -0.402395 -1.08181 0.0234527 0.439683 0.00761264 0.000621016 0.89812
